0;0;1;0
1;0;1;1
2;0;1;2
3;0;1;3
4;0;1;4
5;0;1;5
6;0;1;6
7;0;1;7
8;0;1;8
9;0;1;9
10;0;1;10
11;0;1;11
12;0;1;12
13;0;1;13
14;0;1;14
15;0;1;15
16;0;1;16
17;0;1;17
18;0;1;18
19;0;1;19
20;0;1;20
21;0;1;21
22;0;1;22
23;0;1;23
24;0;1;24
25;0;1;25
26;0;1;26
27;0;1;27
28;0;1;28
29;0;1;29
30;0;1;30
31;0;1;31
32;0;1;32
33;0;1;33
34;0;1;34
35;0;1;35
36;0;1;36
37;0;1;37
38;0;1;38
39;0;1;39
40;0;1;40
41;0;1;41
42;0;1;42
43;0;1;43
44;0;1;44
45;0;1;45
46;0;1;46
47;0;1;47
48;0;1;48
49;0;1;49
50;0;1;50
51;0;1;51
52;0;1;52
53;0;1;53
54;0;1;54
55;0;1;55
56;0;1;56
57;0;1;57
58;0;1;58
59;0;1;59
60;0;1;60
61;0;1;61
62;0;1;62
63;0;1;63
64;0;1;64
65;0;1;65
66;0;1;66
67;0;1;67
68;0;1;68
69;0;1;69
70;0;1;70
71;0;1;71
72;0;1;72
73;0;1;73
74;0;1;74
75;0;1;75
76;0;1;76
77;0;1;77
78;0;1;78
79;0;1;79
80;0;1;80
81;0;1;81
82;0;1;82
83;0;1;83
84;0;1;84
85;0;1;85
86;0;1;86
87;0;1;87
88;0;1;88
89;0;1;89
90;0;1;90
91;0;1;91
92;0;1;92
93;0;1;93
94;0;1;94
95;0;1;95
0;1;1;0
1;1;1;1
2;1;1;2
3;1;1;3
4;1;1;4
5;1;1;5
6;1;1;6
7;1;1;7
8;1;1;8
9;1;1;9
10;1;1;10
11;1;1;11
12;1;1;12
13;1;1;13
14;1;1;14
15;1;1;15
16;1;1;16
17;1;1;17
18;1;1;18
19;1;1;19
20;1;1;20
21;1;1;21
22;1;1;22
23;1;1;23
24;1;1;24
25;1;1;25
26;1;1;26
27;1;1;27
28;1;1;28
29;1;1;29
30;1;1;30
31;1;1;31
32;1;1;32
33;1;1;33
34;1;1;34
35;1;1;35
36;1;1;36
37;1;1;37
38;1;1;38
39;1;1;39
40;1;1;40
41;1;1;41
42;1;1;42
43;1;1;43
44;1;1;44
45;1;1;45
46;1;1;46
47;1;1;47
48;1;1;48
49;1;1;49
50;1;1;50
51;1;1;51
52;1;1;52
53;1;1;53
54;1;1;54
55;1;1;55
56;1;1;56
57;1;1;57
58;1;1;58
59;1;1;59
60;1;1;60
61;1;1;61
62;1;1;62
63;1;1;63
64;1;1;64
65;1;1;65
66;1;1;66
67;1;1;67
68;1;1;68
69;1;1;69
70;1;1;70
71;1;1;71
72;1;1;72
73;1;1;73
74;1;1;74
75;1;1;75
76;1;1;76
77;1;1;77
78;1;1;78
79;1;1;79
80;1;0;80
81;1;0;81
82;1;0;82
83;1;0;83
84;1;0;84
85;1;0;85
86;1;0;86
87;1;0;87
88;1;0;88
89;1;0;89
90;1;0;90
91;1;0;91
92;1;0;92
93;1;0;93
94;1;0;94
95;1;0;95
0;2;1;0
1;2;1;1
2;2;1;2
3;2;1;3
4;2;1;4
5;2;1;5
6;2;1;6
7;2;1;7
8;2;1;8
9;2;1;9
10;2;1;10
11;2;1;11
12;2;1;12
13;2;1;13
14;2;1;14
15;2;1;15
16;2;1;16
17;2;1;17
18;2;1;18
19;2;1;19
20;2;1;20
21;2;1;21
22;2;1;22
23;2;1;23
24;2;1;24
25;2;1;25
26;2;1;26
27;2;1;27
28;2;1;28
29;2;1;29
30;2;1;30
31;2;1;31
32;2;1;32
33;2;1;33
34;2;1;34
35;2;1;35
36;2;1;36
37;2;1;37
38;2;1;38
39;2;1;39
40;2;1;40
41;2;1;41
42;2;1;42
43;2;1;43
44;2;1;44
45;2;1;45
46;2;1;46
47;2;1;47
48;2;1;48
49;2;1;49
50;2;1;50
51;2;1;51
52;2;1;52
53;2;1;53
54;2;1;54
55;2;1;55
56;2;1;56
57;2;1;57
58;2;1;58
59;2;1;59
60;2;1;60
61;2;1;61
62;2;1;62
63;2;1;63
64;2;0;64
65;2;0;65
66;2;0;66
67;2;0;67
68;2;0;68
69;2;0;69
70;2;0;70
71;2;0;71
72;2;0;72
73;2;0;73
74;2;0;74
75;2;0;75
76;2;0;76
77;2;0;77
78;2;0;78
79;2;0;79
80;2;1;80
81;2;1;81
82;2;1;82
83;2;1;83
84;2;1;84
85;2;1;85
86;2;1;86
87;2;1;87
88;2;1;88
89;2;1;89
90;2;1;90
91;2;1;91
92;2;1;92
93;2;1;93
94;2;1;94
95;2;1;95
0;3;1;0
1;3;1;1
2;3;1;2
3;3;1;3
4;3;1;4
5;3;1;5
6;3;1;6
7;3;1;7
8;3;1;8
9;3;1;9
10;3;1;10
11;3;1;11
12;3;1;12
13;3;1;13
14;3;1;14
15;3;1;15
16;3;1;16
17;3;1;17
18;3;1;18
19;3;1;19
20;3;1;20
21;3;1;21
22;3;1;22
23;3;1;23
24;3;1;24
25;3;1;25
26;3;1;26
27;3;1;27
28;3;1;28
29;3;1;29
30;3;1;30
31;3;1;31
32;3;1;32
33;3;1;33
34;3;1;34
35;3;1;35
36;3;1;36
37;3;1;37
38;3;1;38
39;3;1;39
40;3;1;40
41;3;1;41
42;3;1;42
43;3;1;43
44;3;1;44
45;3;1;45
46;3;1;46
47;3;1;47
48;3;1;48
49;3;1;49
50;3;1;50
51;3;1;51
52;3;1;52
53;3;1;53
54;3;1;54
55;3;1;55
56;3;1;56
57;3;1;57
58;3;1;58
59;3;1;59
60;3;1;60
61;3;1;61
62;3;1;62
63;3;1;63
64;3;0;64
65;3;0;65
66;3;0;66
67;3;0;67
68;3;0;68
69;3;0;69
70;3;0;70
71;3;0;71
72;3;0;72
73;3;0;73
74;3;0;74
75;3;0;75
76;3;0;76
77;3;0;77
78;3;0;78
79;3;0;79
80;3;0;80
81;3;0;81
82;3;0;82
83;3;0;83
84;3;0;84
85;3;0;85
86;3;0;86
87;3;0;87
88;3;0;88
89;3;0;89
90;3;0;90
91;3;0;91
92;3;0;92
93;3;0;93
94;3;0;94
95;3;0;95
0;4;1;0
1;4;1;1
2;4;1;2
3;4;1;3
4;4;1;4
5;4;1;5
6;4;1;6
7;4;1;7
8;4;1;8
9;4;1;9
10;4;1;10
11;4;1;11
12;4;1;12
13;4;1;13
14;4;1;14
15;4;1;15
16;4;1;16
17;4;1;17
18;4;1;18
19;4;1;19
20;4;1;20
21;4;1;21
22;4;1;22
23;4;1;23
24;4;1;24
25;4;1;25
26;4;1;26
27;4;1;27
28;4;1;28
29;4;1;29
30;4;1;30
31;4;1;31
32;4;1;32
33;4;1;33
34;4;1;34
35;4;1;35
36;4;1;36
37;4;1;37
38;4;1;38
39;4;1;39
40;4;1;40
41;4;1;41
42;4;1;42
43;4;1;43
44;4;1;44
45;4;1;45
46;4;1;46
47;4;1;47
48;4;0;48
49;4;0;49
50;4;0;50
51;4;0;51
52;4;0;52
53;4;0;53
54;4;0;54
55;4;0;55
56;4;0;56
57;4;0;57
58;4;0;58
59;4;0;59
60;4;0;60
61;4;0;61
62;4;0;62
63;4;0;63
64;4;1;64
65;4;1;65
66;4;1;66
67;4;1;67
68;4;1;68
69;4;1;69
70;4;1;70
71;4;1;71
72;4;1;72
73;4;1;73
74;4;1;74
75;4;1;75
76;4;1;76
77;4;1;77
78;4;1;78
79;4;1;79
80;4;1;80
81;4;1;81
82;4;1;82
83;4;1;83
84;4;1;84
85;4;1;85
86;4;1;86
87;4;1;87
88;4;1;88
89;4;1;89
90;4;1;90
91;4;1;91
92;4;1;92
93;4;1;93
94;4;1;94
95;4;1;95
0;5;1;0
1;5;1;1
2;5;1;2
3;5;1;3
4;5;1;4
5;5;1;5
6;5;1;6
7;5;1;7
8;5;1;8
9;5;1;9
10;5;1;10
11;5;1;11
12;5;1;12
13;5;1;13
14;5;1;14
15;5;1;15
16;5;1;16
17;5;1;17
18;5;1;18
19;5;1;19
20;5;1;20
21;5;1;21
22;5;1;22
23;5;1;23
24;5;1;24
25;5;1;25
26;5;1;26
27;5;1;27
28;5;1;28
29;5;1;29
30;5;1;30
31;5;1;31
32;5;1;32
33;5;1;33
34;5;1;34
35;5;1;35
36;5;1;36
37;5;1;37
38;5;1;38
39;5;1;39
40;5;1;40
41;5;1;41
42;5;1;42
43;5;1;43
44;5;1;44
45;5;1;45
46;5;1;46
47;5;1;47
48;5;0;48
49;5;0;49
50;5;0;50
51;5;0;51
52;5;0;52
53;5;0;53
54;5;0;54
55;5;0;55
56;5;0;56
57;5;0;57
58;5;0;58
59;5;0;59
60;5;0;60
61;5;0;61
62;5;0;62
63;5;0;63
64;5;1;64
65;5;1;65
66;5;1;66
67;5;1;67
68;5;1;68
69;5;1;69
70;5;1;70
71;5;1;71
72;5;1;72
73;5;1;73
74;5;1;74
75;5;1;75
76;5;1;76
77;5;1;77
78;5;1;78
79;5;1;79
80;5;0;80
81;5;0;81
82;5;0;82
83;5;0;83
84;5;0;84
85;5;0;85
86;5;0;86
87;5;0;87
88;5;0;88
89;5;0;89
90;5;0;90
91;5;0;91
92;5;0;92
93;5;0;93
94;5;0;94
95;5;0;95
0;6;1;0
1;6;1;1
2;6;1;2
3;6;1;3
4;6;1;4
5;6;1;5
6;6;1;6
7;6;1;7
8;6;1;8
9;6;1;9
10;6;1;10
11;6;1;11
12;6;1;12
13;6;1;13
14;6;1;14
15;6;1;15
16;6;1;16
17;6;1;17
18;6;1;18
19;6;1;19
20;6;1;20
21;6;1;21
22;6;1;22
23;6;1;23
24;6;1;24
25;6;1;25
26;6;1;26
27;6;1;27
28;6;1;28
29;6;1;29
30;6;1;30
31;6;1;31
32;6;1;32
33;6;1;33
34;6;1;34
35;6;1;35
36;6;1;36
37;6;1;37
38;6;1;38
39;6;1;39
40;6;1;40
41;6;1;41
42;6;1;42
43;6;1;43
44;6;1;44
45;6;1;45
46;6;1;46
47;6;1;47
48;6;0;48
49;6;0;49
50;6;0;50
51;6;0;51
52;6;0;52
53;6;0;53
54;6;0;54
55;6;0;55
56;6;0;56
57;6;0;57
58;6;0;58
59;6;0;59
60;6;0;60
61;6;0;61
62;6;0;62
63;6;0;63
64;6;0;64
65;6;0;65
66;6;0;66
67;6;0;67
68;6;0;68
69;6;0;69
70;6;0;70
71;6;0;71
72;6;0;72
73;6;0;73
74;6;0;74
75;6;0;75
76;6;0;76
77;6;0;77
78;6;0;78
79;6;0;79
80;6;1;80
81;6;1;81
82;6;1;82
83;6;1;83
84;6;1;84
85;6;1;85
86;6;1;86
87;6;1;87
88;6;1;88
89;6;1;89
90;6;1;90
91;6;1;91
92;6;1;92
93;6;1;93
94;6;1;94
95;6;1;95
0;7;1;0
1;7;1;1
2;7;1;2
3;7;1;3
4;7;1;4
5;7;1;5
6;7;1;6
7;7;1;7
8;7;1;8
9;7;1;9
10;7;1;10
11;7;1;11
12;7;1;12
13;7;1;13
14;7;1;14
15;7;1;15
16;7;1;16
17;7;1;17
18;7;1;18
19;7;1;19
20;7;1;20
21;7;1;21
22;7;1;22
23;7;1;23
24;7;1;24
25;7;1;25
26;7;1;26
27;7;1;27
28;7;1;28
29;7;1;29
30;7;1;30
31;7;1;31
32;7;1;32
33;7;1;33
34;7;1;34
35;7;1;35
36;7;1;36
37;7;1;37
38;7;1;38
39;7;1;39
40;7;1;40
41;7;1;41
42;7;1;42
43;7;1;43
44;7;1;44
45;7;1;45
46;7;1;46
47;7;1;47
48;7;0;48
49;7;0;49
50;7;0;50
51;7;0;51
52;7;0;52
53;7;0;53
54;7;0;54
55;7;0;55
56;7;0;56
57;7;0;57
58;7;0;58
59;7;0;59
60;7;0;60
61;7;0;61
62;7;0;62
63;7;0;63
64;7;0;64
65;7;0;65
66;7;0;66
67;7;0;67
68;7;0;68
69;7;0;69
70;7;0;70
71;7;0;71
72;7;0;72
73;7;0;73
74;7;0;74
75;7;0;75
76;7;0;76
77;7;0;77
78;7;0;78
79;7;0;79
80;7;0;80
81;7;0;81
82;7;0;82
83;7;0;83
84;7;0;84
85;7;0;85
86;7;0;86
87;7;0;87
88;7;0;88
89;7;0;89
90;7;0;90
91;7;0;91
92;7;0;92
93;7;0;93
94;7;0;94
95;7;0;95
0;8;1;0
1;8;1;1
2;8;1;2
3;8;1;3
4;8;1;4
5;8;1;5
6;8;1;6
7;8;1;7
8;8;1;8
9;8;1;9
10;8;1;10
11;8;1;11
12;8;1;12
13;8;1;13
14;8;1;14
15;8;1;15
16;8;1;16
17;8;1;17
18;8;1;18
19;8;1;19
20;8;1;20
21;8;1;21
22;8;1;22
23;8;1;23
24;8;1;24
25;8;1;25
26;8;1;26
27;8;1;27
28;8;1;28
29;8;1;29
30;8;1;30
31;8;1;31
32;8;0;32
33;8;0;33
34;8;0;34
35;8;0;35
36;8;0;36
37;8;0;37
38;8;0;38
39;8;0;39
40;8;0;40
41;8;0;41
42;8;0;42
43;8;0;43
44;8;0;44
45;8;0;45
46;8;0;46
47;8;0;47
48;8;1;48
49;8;1;49
50;8;1;50
51;8;1;51
52;8;1;52
53;8;1;53
54;8;1;54
55;8;1;55
56;8;1;56
57;8;1;57
58;8;1;58
59;8;1;59
60;8;1;60
61;8;1;61
62;8;1;62
63;8;1;63
64;8;1;64
65;8;1;65
66;8;1;66
67;8;1;67
68;8;1;68
69;8;1;69
70;8;1;70
71;8;1;71
72;8;1;72
73;8;1;73
74;8;1;74
75;8;1;75
76;8;1;76
77;8;1;77
78;8;1;78
79;8;1;79
80;8;1;80
81;8;1;81
82;8;1;82
83;8;1;83
84;8;1;84
85;8;1;85
86;8;1;86
87;8;1;87
88;8;1;88
89;8;1;89
90;8;1;90
91;8;1;91
92;8;1;92
93;8;1;93
94;8;1;94
95;8;1;95
0;9;1;0
1;9;1;1
2;9;1;2
3;9;1;3
4;9;1;4
5;9;1;5
6;9;1;6
7;9;1;7
8;9;1;8
9;9;1;9
10;9;1;10
11;9;1;11
12;9;1;12
13;9;1;13
14;9;1;14
15;9;1;15
16;9;1;16
17;9;1;17
18;9;1;18
19;9;1;19
20;9;1;20
21;9;1;21
22;9;1;22
23;9;1;23
24;9;1;24
25;9;1;25
26;9;1;26
27;9;1;27
28;9;1;28
29;9;1;29
30;9;1;30
31;9;1;31
32;9;0;32
33;9;0;33
34;9;0;34
35;9;0;35
36;9;0;36
37;9;0;37
38;9;0;38
39;9;0;39
40;9;0;40
41;9;0;41
42;9;0;42
43;9;0;43
44;9;0;44
45;9;0;45
46;9;0;46
47;9;0;47
48;9;1;48
49;9;1;49
50;9;1;50
51;9;1;51
52;9;1;52
53;9;1;53
54;9;1;54
55;9;1;55
56;9;1;56
57;9;1;57
58;9;1;58
59;9;1;59
60;9;1;60
61;9;1;61
62;9;1;62
63;9;1;63
64;9;1;64
65;9;1;65
66;9;1;66
67;9;1;67
68;9;1;68
69;9;1;69
70;9;1;70
71;9;1;71
72;9;1;72
73;9;1;73
74;9;1;74
75;9;1;75
76;9;1;76
77;9;1;77
78;9;1;78
79;9;1;79
80;9;0;80
81;9;0;81
82;9;0;82
83;9;0;83
84;9;0;84
85;9;0;85
86;9;0;86
87;9;0;87
88;9;0;88
89;9;0;89
90;9;0;90
91;9;0;91
92;9;0;92
93;9;0;93
94;9;0;94
95;9;0;95
0;10;1;0
1;10;1;1
2;10;1;2
3;10;1;3
4;10;1;4
5;10;1;5
6;10;1;6
7;10;1;7
8;10;1;8
9;10;1;9
10;10;1;10
11;10;1;11
12;10;1;12
13;10;1;13
14;10;1;14
15;10;1;15
16;10;1;16
17;10;1;17
18;10;1;18
19;10;1;19
20;10;1;20
21;10;1;21
22;10;1;22
23;10;1;23
24;10;1;24
25;10;1;25
26;10;1;26
27;10;1;27
28;10;1;28
29;10;1;29
30;10;1;30
31;10;1;31
32;10;0;32
33;10;0;33
34;10;0;34
35;10;0;35
36;10;0;36
37;10;0;37
38;10;0;38
39;10;0;39
40;10;0;40
41;10;0;41
42;10;0;42
43;10;0;43
44;10;0;44
45;10;0;45
46;10;0;46
47;10;0;47
48;10;1;48
49;10;1;49
50;10;1;50
51;10;1;51
52;10;1;52
53;10;1;53
54;10;1;54
55;10;1;55
56;10;1;56
57;10;1;57
58;10;1;58
59;10;1;59
60;10;1;60
61;10;1;61
62;10;1;62
63;10;1;63
64;10;0;64
65;10;0;65
66;10;0;66
67;10;0;67
68;10;0;68
69;10;0;69
70;10;0;70
71;10;0;71
72;10;0;72
73;10;0;73
74;10;0;74
75;10;0;75
76;10;0;76
77;10;0;77
78;10;0;78
79;10;0;79
80;10;1;80
81;10;1;81
82;10;1;82
83;10;1;83
84;10;1;84
85;10;1;85
86;10;1;86
87;10;1;87
88;10;1;88
89;10;1;89
90;10;1;90
91;10;1;91
92;10;1;92
93;10;1;93
94;10;1;94
95;10;1;95
0;11;1;0
1;11;1;1
2;11;1;2
3;11;1;3
4;11;1;4
5;11;1;5
6;11;1;6
7;11;1;7
8;11;1;8
9;11;1;9
10;11;1;10
11;11;1;11
12;11;1;12
13;11;1;13
14;11;1;14
15;11;1;15
16;11;1;16
17;11;1;17
18;11;1;18
19;11;1;19
20;11;1;20
21;11;1;21
22;11;1;22
23;11;1;23
24;11;1;24
25;11;1;25
26;11;1;26
27;11;1;27
28;11;1;28
29;11;1;29
30;11;1;30
31;11;1;31
32;11;0;32
33;11;0;33
34;11;0;34
35;11;0;35
36;11;0;36
37;11;0;37
38;11;0;38
39;11;0;39
40;11;0;40
41;11;0;41
42;11;0;42
43;11;0;43
44;11;0;44
45;11;0;45
46;11;0;46
47;11;0;47
48;11;1;48
49;11;1;49
50;11;1;50
51;11;1;51
52;11;1;52
53;11;1;53
54;11;1;54
55;11;1;55
56;11;1;56
57;11;1;57
58;11;1;58
59;11;1;59
60;11;1;60
61;11;1;61
62;11;1;62
63;11;1;63
64;11;0;64
65;11;0;65
66;11;0;66
67;11;0;67
68;11;0;68
69;11;0;69
70;11;0;70
71;11;0;71
72;11;0;72
73;11;0;73
74;11;0;74
75;11;0;75
76;11;0;76
77;11;0;77
78;11;0;78
79;11;0;79
80;11;0;80
81;11;0;81
82;11;0;82
83;11;0;83
84;11;0;84
85;11;0;85
86;11;0;86
87;11;0;87
88;11;0;88
89;11;0;89
90;11;0;90
91;11;0;91
92;11;0;92
93;11;0;93
94;11;0;94
95;11;0;95
0;12;1;0
1;12;1;1
2;12;1;2
3;12;1;3
4;12;1;4
5;12;1;5
6;12;1;6
7;12;1;7
8;12;1;8
9;12;1;9
10;12;1;10
11;12;1;11
12;12;1;12
13;12;1;13
14;12;1;14
15;12;1;15
16;12;1;16
17;12;1;17
18;12;1;18
19;12;1;19
20;12;1;20
21;12;1;21
22;12;1;22
23;12;1;23
24;12;1;24
25;12;1;25
26;12;1;26
27;12;1;27
28;12;1;28
29;12;1;29
30;12;1;30
31;12;1;31
32;12;0;32
33;12;0;33
34;12;0;34
35;12;0;35
36;12;0;36
37;12;0;37
38;12;0;38
39;12;0;39
40;12;0;40
41;12;0;41
42;12;0;42
43;12;0;43
44;12;0;44
45;12;0;45
46;12;0;46
47;12;0;47
48;12;0;48
49;12;0;49
50;12;0;50
51;12;0;51
52;12;0;52
53;12;0;53
54;12;0;54
55;12;0;55
56;12;0;56
57;12;0;57
58;12;0;58
59;12;0;59
60;12;0;60
61;12;0;61
62;12;0;62
63;12;0;63
64;12;1;64
65;12;1;65
66;12;1;66
67;12;1;67
68;12;1;68
69;12;1;69
70;12;1;70
71;12;1;71
72;12;1;72
73;12;1;73
74;12;1;74
75;12;1;75
76;12;1;76
77;12;1;77
78;12;1;78
79;12;1;79
80;12;1;80
81;12;1;81
82;12;1;82
83;12;1;83
84;12;1;84
85;12;1;85
86;12;1;86
87;12;1;87
88;12;1;88
89;12;1;89
90;12;1;90
91;12;1;91
92;12;1;92
93;12;1;93
94;12;1;94
95;12;1;95
0;13;1;0
1;13;1;1
2;13;1;2
3;13;1;3
4;13;1;4
5;13;1;5
6;13;1;6
7;13;1;7
8;13;1;8
9;13;1;9
10;13;1;10
11;13;1;11
12;13;1;12
13;13;1;13
14;13;1;14
15;13;1;15
16;13;1;16
17;13;1;17
18;13;1;18
19;13;1;19
20;13;1;20
21;13;1;21
22;13;1;22
23;13;1;23
24;13;1;24
25;13;1;25
26;13;1;26
27;13;1;27
28;13;1;28
29;13;1;29
30;13;1;30
31;13;1;31
32;13;0;32
33;13;0;33
34;13;0;34
35;13;0;35
36;13;0;36
37;13;0;37
38;13;0;38
39;13;0;39
40;13;0;40
41;13;0;41
42;13;0;42
43;13;0;43
44;13;0;44
45;13;0;45
46;13;0;46
47;13;0;47
48;13;0;48
49;13;0;49
50;13;0;50
51;13;0;51
52;13;0;52
53;13;0;53
54;13;0;54
55;13;0;55
56;13;0;56
57;13;0;57
58;13;0;58
59;13;0;59
60;13;0;60
61;13;0;61
62;13;0;62
63;13;0;63
64;13;1;64
65;13;1;65
66;13;1;66
67;13;1;67
68;13;1;68
69;13;1;69
70;13;1;70
71;13;1;71
72;13;1;72
73;13;1;73
74;13;1;74
75;13;1;75
76;13;1;76
77;13;1;77
78;13;1;78
79;13;1;79
80;13;0;80
81;13;0;81
82;13;0;82
83;13;0;83
84;13;0;84
85;13;0;85
86;13;0;86
87;13;0;87
88;13;0;88
89;13;0;89
90;13;0;90
91;13;0;91
92;13;0;92
93;13;0;93
94;13;0;94
95;13;0;95
0;14;1;0
1;14;1;1
2;14;1;2
3;14;1;3
4;14;1;4
5;14;1;5
6;14;1;6
7;14;1;7
8;14;1;8
9;14;1;9
10;14;1;10
11;14;1;11
12;14;1;12
13;14;1;13
14;14;1;14
15;14;1;15
16;14;1;16
17;14;1;17
18;14;1;18
19;14;1;19
20;14;1;20
21;14;1;21
22;14;1;22
23;14;1;23
24;14;1;24
25;14;1;25
26;14;1;26
27;14;1;27
28;14;1;28
29;14;1;29
30;14;1;30
31;14;1;31
32;14;0;32
33;14;0;33
34;14;0;34
35;14;0;35
36;14;0;36
37;14;0;37
38;14;0;38
39;14;0;39
40;14;0;40
41;14;0;41
42;14;0;42
43;14;0;43
44;14;0;44
45;14;0;45
46;14;0;46
47;14;0;47
48;14;0;48
49;14;0;49
50;14;0;50
51;14;0;51
52;14;0;52
53;14;0;53
54;14;0;54
55;14;0;55
56;14;0;56
57;14;0;57
58;14;0;58
59;14;0;59
60;14;0;60
61;14;0;61
62;14;0;62
63;14;0;63
64;14;0;64
65;14;0;65
66;14;0;66
67;14;0;67
68;14;0;68
69;14;0;69
70;14;0;70
71;14;0;71
72;14;0;72
73;14;0;73
74;14;0;74
75;14;0;75
76;14;0;76
77;14;0;77
78;14;0;78
79;14;0;79
80;14;1;80
81;14;1;81
82;14;1;82
83;14;1;83
84;14;1;84
85;14;1;85
86;14;1;86
87;14;1;87
88;14;1;88
89;14;1;89
90;14;1;90
91;14;1;91
92;14;1;92
93;14;1;93
94;14;1;94
95;14;1;95
0;15;1;0
1;15;1;1
2;15;1;2
3;15;1;3
4;15;1;4
5;15;1;5
6;15;1;6
7;15;1;7
8;15;1;8
9;15;1;9
10;15;1;10
11;15;1;11
12;15;1;12
13;15;1;13
14;15;1;14
15;15;1;15
16;15;1;16
17;15;1;17
18;15;1;18
19;15;1;19
20;15;1;20
21;15;1;21
22;15;1;22
23;15;1;23
24;15;1;24
25;15;1;25
26;15;1;26
27;15;1;27
28;15;1;28
29;15;1;29
30;15;1;30
31;15;1;31
32;15;0;32
33;15;0;33
34;15;0;34
35;15;0;35
36;15;0;36
37;15;0;37
38;15;0;38
39;15;0;39
40;15;0;40
41;15;0;41
42;15;0;42
43;15;0;43
44;15;0;44
45;15;0;45
46;15;0;46
47;15;0;47
48;15;0;48
49;15;0;49
50;15;0;50
51;15;0;51
52;15;0;52
53;15;0;53
54;15;0;54
55;15;0;55
56;15;0;56
57;15;0;57
58;15;0;58
59;15;0;59
60;15;0;60
61;15;0;61
62;15;0;62
63;15;0;63
64;15;0;64
65;15;0;65
66;15;0;66
67;15;0;67
68;15;0;68
69;15;0;69
70;15;0;70
71;15;0;71
72;15;0;72
73;15;0;73
74;15;0;74
75;15;0;75
76;15;0;76
77;15;0;77
78;15;0;78
79;15;0;79
80;15;0;80
81;15;0;81
82;15;0;82
83;15;0;83
84;15;0;84
85;15;0;85
86;15;0;86
87;15;0;87
88;15;0;88
89;15;0;89
90;15;0;90
91;15;0;91
92;15;0;92
93;15;0;93
94;15;0;94
95;15;0;95
0;16;1;0
1;16;1;1
2;16;1;2
3;16;1;3
4;16;1;4
5;16;1;5
6;16;1;6
7;16;1;7
8;16;1;8
9;16;1;9
10;16;1;10
11;16;1;11
12;16;1;12
13;16;1;13
14;16;1;14
15;16;1;15
16;16;0;16
17;16;0;17
18;16;0;18
19;16;0;19
20;16;0;20
21;16;0;21
22;16;0;22
23;16;0;23
24;16;0;24
25;16;0;25
26;16;0;26
27;16;0;27
28;16;0;28
29;16;0;29
30;16;0;30
31;16;0;31
32;16;1;32
33;16;1;33
34;16;1;34
35;16;1;35
36;16;1;36
37;16;1;37
38;16;1;38
39;16;1;39
40;16;1;40
41;16;1;41
42;16;1;42
43;16;1;43
44;16;1;44
45;16;1;45
46;16;1;46
47;16;1;47
48;16;1;48
49;16;1;49
50;16;1;50
51;16;1;51
52;16;1;52
53;16;1;53
54;16;1;54
55;16;1;55
56;16;1;56
57;16;1;57
58;16;1;58
59;16;1;59
60;16;1;60
61;16;1;61
62;16;1;62
63;16;1;63
64;16;1;64
65;16;1;65
66;16;1;66
67;16;1;67
68;16;1;68
69;16;1;69
70;16;1;70
71;16;1;71
72;16;1;72
73;16;1;73
74;16;1;74
75;16;1;75
76;16;1;76
77;16;1;77
78;16;1;78
79;16;1;79
80;16;1;80
81;16;1;81
82;16;1;82
83;16;1;83
84;16;1;84
85;16;1;85
86;16;1;86
87;16;1;87
88;16;1;88
89;16;1;89
90;16;1;90
91;16;1;91
92;16;1;92
93;16;1;93
94;16;1;94
95;16;1;95
0;17;1;0
1;17;1;1
2;17;1;2
3;17;1;3
4;17;1;4
5;17;1;5
6;17;1;6
7;17;1;7
8;17;1;8
9;17;1;9
10;17;1;10
11;17;1;11
12;17;1;12
13;17;1;13
14;17;1;14
15;17;1;15
16;17;0;16
17;17;0;17
18;17;0;18
19;17;0;19
20;17;0;20
21;17;0;21
22;17;0;22
23;17;0;23
24;17;0;24
25;17;0;25
26;17;0;26
27;17;0;27
28;17;0;28
29;17;0;29
30;17;0;30
31;17;0;31
32;17;1;32
33;17;1;33
34;17;1;34
35;17;1;35
36;17;1;36
37;17;1;37
38;17;1;38
39;17;1;39
40;17;1;40
41;17;1;41
42;17;1;42
43;17;1;43
44;17;1;44
45;17;1;45
46;17;1;46
47;17;1;47
48;17;1;48
49;17;1;49
50;17;1;50
51;17;1;51
52;17;1;52
53;17;1;53
54;17;1;54
55;17;1;55
56;17;1;56
57;17;1;57
58;17;1;58
59;17;1;59
60;17;1;60
61;17;1;61
62;17;1;62
63;17;1;63
64;17;1;64
65;17;1;65
66;17;1;66
67;17;1;67
68;17;1;68
69;17;1;69
70;17;1;70
71;17;1;71
72;17;1;72
73;17;1;73
74;17;1;74
75;17;1;75
76;17;1;76
77;17;1;77
78;17;1;78
79;17;1;79
80;17;0;80
81;17;0;81
82;17;0;82
83;17;0;83
84;17;0;84
85;17;0;85
86;17;0;86
87;17;0;87
88;17;0;88
89;17;0;89
90;17;0;90
91;17;0;91
92;17;0;92
93;17;0;93
94;17;0;94
95;17;0;95
0;18;1;0
1;18;1;1
2;18;1;2
3;18;1;3
4;18;1;4
5;18;1;5
6;18;1;6
7;18;1;7
8;18;1;8
9;18;1;9
10;18;1;10
11;18;1;11
12;18;1;12
13;18;1;13
14;18;1;14
15;18;1;15
16;18;0;16
17;18;0;17
18;18;0;18
19;18;0;19
20;18;0;20
21;18;0;21
22;18;0;22
23;18;0;23
24;18;0;24
25;18;0;25
26;18;0;26
27;18;0;27
28;18;0;28
29;18;0;29
30;18;0;30
31;18;0;31
32;18;1;32
33;18;1;33
34;18;1;34
35;18;1;35
36;18;1;36
37;18;1;37
38;18;1;38
39;18;1;39
40;18;1;40
41;18;1;41
42;18;1;42
43;18;1;43
44;18;1;44
45;18;1;45
46;18;1;46
47;18;1;47
48;18;1;48
49;18;1;49
50;18;1;50
51;18;1;51
52;18;1;52
53;18;1;53
54;18;1;54
55;18;1;55
56;18;1;56
57;18;1;57
58;18;1;58
59;18;1;59
60;18;1;60
61;18;1;61
62;18;1;62
63;18;1;63
64;18;0;64
65;18;0;65
66;18;0;66
67;18;0;67
68;18;0;68
69;18;0;69
70;18;0;70
71;18;0;71
72;18;0;72
73;18;0;73
74;18;0;74
75;18;0;75
76;18;0;76
77;18;0;77
78;18;0;78
79;18;0;79
80;18;1;80
81;18;1;81
82;18;1;82
83;18;1;83
84;18;1;84
85;18;1;85
86;18;1;86
87;18;1;87
88;18;1;88
89;18;1;89
90;18;1;90
91;18;1;91
92;18;1;92
93;18;1;93
94;18;1;94
95;18;1;95
0;19;1;0
1;19;1;1
2;19;1;2
3;19;1;3
4;19;1;4
5;19;1;5
6;19;1;6
7;19;1;7
8;19;1;8
9;19;1;9
10;19;1;10
11;19;1;11
12;19;1;12
13;19;1;13
14;19;1;14
15;19;1;15
16;19;0;16
17;19;0;17
18;19;0;18
19;19;0;19
20;19;0;20
21;19;0;21
22;19;0;22
23;19;0;23
24;19;0;24
25;19;0;25
26;19;0;26
27;19;0;27
28;19;0;28
29;19;0;29
30;19;0;30
31;19;0;31
32;19;1;32
33;19;1;33
34;19;1;34
35;19;1;35
36;19;1;36
37;19;1;37
38;19;1;38
39;19;1;39
40;19;1;40
41;19;1;41
42;19;1;42
43;19;1;43
44;19;1;44
45;19;1;45
46;19;1;46
47;19;1;47
48;19;1;48
49;19;1;49
50;19;1;50
51;19;1;51
52;19;1;52
53;19;1;53
54;19;1;54
55;19;1;55
56;19;1;56
57;19;1;57
58;19;1;58
59;19;1;59
60;19;1;60
61;19;1;61
62;19;1;62
63;19;1;63
64;19;0;64
65;19;0;65
66;19;0;66
67;19;0;67
68;19;0;68
69;19;0;69
70;19;0;70
71;19;0;71
72;19;0;72
73;19;0;73
74;19;0;74
75;19;0;75
76;19;0;76
77;19;0;77
78;19;0;78
79;19;0;79
80;19;0;80
81;19;0;81
82;19;0;82
83;19;0;83
84;19;0;84
85;19;0;85
86;19;0;86
87;19;0;87
88;19;0;88
89;19;0;89
90;19;0;90
91;19;0;91
92;19;0;92
93;19;0;93
94;19;0;94
95;19;0;95
0;20;1;0
1;20;1;1
2;20;1;2
3;20;1;3
4;20;1;4
5;20;1;5
6;20;1;6
7;20;1;7
8;20;1;8
9;20;1;9
10;20;1;10
11;20;1;11
12;20;1;12
13;20;1;13
14;20;1;14
15;20;1;15
16;20;0;16
17;20;0;17
18;20;0;18
19;20;0;19
20;20;0;20
21;20;0;21
22;20;0;22
23;20;0;23
24;20;0;24
25;20;0;25
26;20;0;26
27;20;0;27
28;20;0;28
29;20;0;29
30;20;0;30
31;20;0;31
32;20;1;32
33;20;1;33
34;20;1;34
35;20;1;35
36;20;1;36
37;20;1;37
38;20;1;38
39;20;1;39
40;20;1;40
41;20;1;41
42;20;1;42
43;20;1;43
44;20;1;44
45;20;1;45
46;20;1;46
47;20;1;47
48;20;0;48
49;20;0;49
50;20;0;50
51;20;0;51
52;20;0;52
53;20;0;53
54;20;0;54
55;20;0;55
56;20;0;56
57;20;0;57
58;20;0;58
59;20;0;59
60;20;0;60
61;20;0;61
62;20;0;62
63;20;0;63
64;20;1;64
65;20;1;65
66;20;1;66
67;20;1;67
68;20;1;68
69;20;1;69
70;20;1;70
71;20;1;71
72;20;1;72
73;20;1;73
74;20;1;74
75;20;1;75
76;20;1;76
77;20;1;77
78;20;1;78
79;20;1;79
80;20;1;80
81;20;1;81
82;20;1;82
83;20;1;83
84;20;1;84
85;20;1;85
86;20;1;86
87;20;1;87
88;20;1;88
89;20;1;89
90;20;1;90
91;20;1;91
92;20;1;92
93;20;1;93
94;20;1;94
95;20;1;95
0;21;1;0
1;21;1;1
2;21;1;2
3;21;1;3
4;21;1;4
5;21;1;5
6;21;1;6
7;21;1;7
8;21;1;8
9;21;1;9
10;21;1;10
11;21;1;11
12;21;1;12
13;21;1;13
14;21;1;14
15;21;1;15
16;21;0;16
17;21;0;17
18;21;0;18
19;21;0;19
20;21;0;20
21;21;0;21
22;21;0;22
23;21;0;23
24;21;0;24
25;21;0;25
26;21;0;26
27;21;0;27
28;21;0;28
29;21;0;29
30;21;0;30
31;21;0;31
32;21;1;32
33;21;1;33
34;21;1;34
35;21;1;35
36;21;1;36
37;21;1;37
38;21;1;38
39;21;1;39
40;21;1;40
41;21;1;41
42;21;1;42
43;21;1;43
44;21;1;44
45;21;1;45
46;21;1;46
47;21;1;47
48;21;0;48
49;21;0;49
50;21;0;50
51;21;0;51
52;21;0;52
53;21;0;53
54;21;0;54
55;21;0;55
56;21;0;56
57;21;0;57
58;21;0;58
59;21;0;59
60;21;0;60
61;21;0;61
62;21;0;62
63;21;0;63
64;21;1;64
65;21;1;65
66;21;1;66
67;21;1;67
68;21;1;68
69;21;1;69
70;21;1;70
71;21;1;71
72;21;1;72
73;21;1;73
74;21;1;74
75;21;1;75
76;21;1;76
77;21;1;77
78;21;1;78
79;21;1;79
80;21;0;80
81;21;0;81
82;21;0;82
83;21;0;83
84;21;0;84
85;21;0;85
86;21;0;86
87;21;0;87
88;21;0;88
89;21;0;89
90;21;0;90
91;21;0;91
92;21;0;92
93;21;0;93
94;21;0;94
95;21;0;95
0;22;1;0
1;22;1;1
2;22;1;2
3;22;1;3
4;22;1;4
5;22;1;5
6;22;1;6
7;22;1;7
8;22;1;8
9;22;1;9
10;22;1;10
11;22;1;11
12;22;1;12
13;22;1;13
14;22;1;14
15;22;1;15
16;22;0;16
17;22;0;17
18;22;0;18
19;22;0;19
20;22;0;20
21;22;0;21
22;22;0;22
23;22;0;23
24;22;0;24
25;22;0;25
26;22;0;26
27;22;0;27
28;22;0;28
29;22;0;29
30;22;0;30
31;22;0;31
32;22;1;32
33;22;1;33
34;22;1;34
35;22;1;35
36;22;1;36
37;22;1;37
38;22;1;38
39;22;1;39
40;22;1;40
41;22;1;41
42;22;1;42
43;22;1;43
44;22;1;44
45;22;1;45
46;22;1;46
47;22;1;47
48;22;0;48
49;22;0;49
50;22;0;50
51;22;0;51
52;22;0;52
53;22;0;53
54;22;0;54
55;22;0;55
56;22;0;56
57;22;0;57
58;22;0;58
59;22;0;59
60;22;0;60
61;22;0;61
62;22;0;62
63;22;0;63
64;22;0;64
65;22;0;65
66;22;0;66
67;22;0;67
68;22;0;68
69;22;0;69
70;22;0;70
71;22;0;71
72;22;0;72
73;22;0;73
74;22;0;74
75;22;0;75
76;22;0;76
77;22;0;77
78;22;0;78
79;22;0;79
80;22;1;80
81;22;1;81
82;22;1;82
83;22;1;83
84;22;1;84
85;22;1;85
86;22;1;86
87;22;1;87
88;22;1;88
89;22;1;89
90;22;1;90
91;22;1;91
92;22;1;92
93;22;1;93
94;22;1;94
95;22;1;95
0;23;1;0
1;23;1;1
2;23;1;2
3;23;1;3
4;23;1;4
5;23;1;5
6;23;1;6
7;23;1;7
8;23;1;8
9;23;1;9
10;23;1;10
11;23;1;11
12;23;1;12
13;23;1;13
14;23;1;14
15;23;1;15
16;23;0;16
17;23;0;17
18;23;0;18
19;23;0;19
20;23;0;20
21;23;0;21
22;23;0;22
23;23;0;23
24;23;0;24
25;23;0;25
26;23;0;26
27;23;0;27
28;23;0;28
29;23;0;29
30;23;0;30
31;23;0;31
32;23;1;32
33;23;1;33
34;23;1;34
35;23;1;35
36;23;1;36
37;23;1;37
38;23;1;38
39;23;1;39
40;23;1;40
41;23;1;41
42;23;1;42
43;23;1;43
44;23;1;44
45;23;1;45
46;23;1;46
47;23;1;47
48;23;0;48
49;23;0;49
50;23;0;50
51;23;0;51
52;23;0;52
53;23;0;53
54;23;0;54
55;23;0;55
56;23;0;56
57;23;0;57
58;23;0;58
59;23;0;59
60;23;0;60
61;23;0;61
62;23;0;62
63;23;0;63
64;23;0;64
65;23;0;65
66;23;0;66
67;23;0;67
68;23;0;68
69;23;0;69
70;23;0;70
71;23;0;71
72;23;0;72
73;23;0;73
74;23;0;74
75;23;0;75
76;23;0;76
77;23;0;77
78;23;0;78
79;23;0;79
80;23;0;80
81;23;0;81
82;23;0;82
83;23;0;83
84;23;0;84
85;23;0;85
86;23;0;86
87;23;0;87
88;23;0;88
89;23;0;89
90;23;0;90
91;23;0;91
92;23;0;92
93;23;0;93
94;23;0;94
95;23;0;95
0;24;1;0
1;24;1;1
2;24;1;2
3;24;1;3
4;24;1;4
5;24;1;5
6;24;1;6
7;24;1;7
8;24;1;8
9;24;1;9
10;24;1;10
11;24;1;11
12;24;1;12
13;24;1;13
14;24;1;14
15;24;1;15
16;24;0;16
17;24;0;17
18;24;0;18
19;24;0;19
20;24;0;20
21;24;0;21
22;24;0;22
23;24;0;23
24;24;0;24
25;24;0;25
26;24;0;26
27;24;0;27
28;24;0;28
29;24;0;29
30;24;0;30
31;24;0;31
32;24;0;32
33;24;0;33
34;24;0;34
35;24;0;35
36;24;0;36
37;24;0;37
38;24;0;38
39;24;0;39
40;24;0;40
41;24;0;41
42;24;0;42
43;24;0;43
44;24;0;44
45;24;0;45
46;24;0;46
47;24;0;47
48;24;1;48
49;24;1;49
50;24;1;50
51;24;1;51
52;24;1;52
53;24;1;53
54;24;1;54
55;24;1;55
56;24;1;56
57;24;1;57
58;24;1;58
59;24;1;59
60;24;1;60
61;24;1;61
62;24;1;62
63;24;1;63
64;24;1;64
65;24;1;65
66;24;1;66
67;24;1;67
68;24;1;68
69;24;1;69
70;24;1;70
71;24;1;71
72;24;1;72
73;24;1;73
74;24;1;74
75;24;1;75
76;24;1;76
77;24;1;77
78;24;1;78
79;24;1;79
80;24;1;80
81;24;1;81
82;24;1;82
83;24;1;83
84;24;1;84
85;24;1;85
86;24;1;86
87;24;1;87
88;24;1;88
89;24;1;89
90;24;1;90
91;24;1;91
92;24;1;92
93;24;1;93
94;24;1;94
95;24;1;95
0;25;1;0
1;25;1;1
2;25;1;2
3;25;1;3
4;25;1;4
5;25;1;5
6;25;1;6
7;25;1;7
8;25;1;8
9;25;1;9
10;25;1;10
11;25;1;11
12;25;1;12
13;25;1;13
14;25;1;14
15;25;1;15
16;25;0;16
17;25;0;17
18;25;0;18
19;25;0;19
20;25;0;20
21;25;0;21
22;25;0;22
23;25;0;23
24;25;0;24
25;25;0;25
26;25;0;26
27;25;0;27
28;25;0;28
29;25;0;29
30;25;0;30
31;25;0;31
32;25;0;32
33;25;0;33
34;25;0;34
35;25;0;35
36;25;0;36
37;25;0;37
38;25;0;38
39;25;0;39
40;25;0;40
41;25;0;41
42;25;0;42
43;25;0;43
44;25;0;44
45;25;0;45
46;25;0;46
47;25;0;47
48;25;1;48
49;25;1;49
50;25;1;50
51;25;1;51
52;25;1;52
53;25;1;53
54;25;1;54
55;25;1;55
56;25;1;56
57;25;1;57
58;25;1;58
59;25;1;59
60;25;1;60
61;25;1;61
62;25;1;62
63;25;1;63
64;25;1;64
65;25;1;65
66;25;1;66
67;25;1;67
68;25;1;68
69;25;1;69
70;25;1;70
71;25;1;71
72;25;1;72
73;25;1;73
74;25;1;74
75;25;1;75
76;25;1;76
77;25;1;77
78;25;1;78
79;25;1;79
80;25;0;80
81;25;0;81
82;25;0;82
83;25;0;83
84;25;0;84
85;25;0;85
86;25;0;86
87;25;0;87
88;25;0;88
89;25;0;89
90;25;0;90
91;25;0;91
92;25;0;92
93;25;0;93
94;25;0;94
95;25;0;95
0;26;1;0
1;26;1;1
2;26;1;2
3;26;1;3
4;26;1;4
5;26;1;5
6;26;1;6
7;26;1;7
8;26;1;8
9;26;1;9
10;26;1;10
11;26;1;11
12;26;1;12
13;26;1;13
14;26;1;14
15;26;1;15
16;26;0;16
17;26;0;17
18;26;0;18
19;26;0;19
20;26;0;20
21;26;0;21
22;26;0;22
23;26;0;23
24;26;0;24
25;26;0;25
26;26;0;26
27;26;0;27
28;26;0;28
29;26;0;29
30;26;0;30
31;26;0;31
32;26;0;32
33;26;0;33
34;26;0;34
35;26;0;35
36;26;0;36
37;26;0;37
38;26;0;38
39;26;0;39
40;26;0;40
41;26;0;41
42;26;0;42
43;26;0;43
44;26;0;44
45;26;0;45
46;26;0;46
47;26;0;47
48;26;1;48
49;26;1;49
50;26;1;50
51;26;1;51
52;26;1;52
53;26;1;53
54;26;1;54
55;26;1;55
56;26;1;56
57;26;1;57
58;26;1;58
59;26;1;59
60;26;1;60
61;26;1;61
62;26;1;62
63;26;1;63
64;26;0;64
65;26;0;65
66;26;0;66
67;26;0;67
68;26;0;68
69;26;0;69
70;26;0;70
71;26;0;71
72;26;0;72
73;26;0;73
74;26;0;74
75;26;0;75
76;26;0;76
77;26;0;77
78;26;0;78
79;26;0;79
80;26;1;80
81;26;1;81
82;26;1;82
83;26;1;83
84;26;1;84
85;26;1;85
86;26;1;86
87;26;1;87
88;26;1;88
89;26;1;89
90;26;1;90
91;26;1;91
92;26;1;92
93;26;1;93
94;26;1;94
95;26;1;95
0;27;1;0
1;27;1;1
2;27;1;2
3;27;1;3
4;27;1;4
5;27;1;5
6;27;1;6
7;27;1;7
8;27;1;8
9;27;1;9
10;27;1;10
11;27;1;11
12;27;1;12
13;27;1;13
14;27;1;14
15;27;1;15
16;27;0;16
17;27;0;17
18;27;0;18
19;27;0;19
20;27;0;20
21;27;0;21
22;27;0;22
23;27;0;23
24;27;0;24
25;27;0;25
26;27;0;26
27;27;0;27
28;27;0;28
29;27;0;29
30;27;0;30
31;27;0;31
32;27;0;32
33;27;0;33
34;27;0;34
35;27;0;35
36;27;0;36
37;27;0;37
38;27;0;38
39;27;0;39
40;27;0;40
41;27;0;41
42;27;0;42
43;27;0;43
44;27;0;44
45;27;0;45
46;27;0;46
47;27;0;47
48;27;1;48
49;27;1;49
50;27;1;50
51;27;1;51
52;27;1;52
53;27;1;53
54;27;1;54
55;27;1;55
56;27;1;56
57;27;1;57
58;27;1;58
59;27;1;59
60;27;1;60
61;27;1;61
62;27;1;62
63;27;1;63
64;27;0;64
65;27;0;65
66;27;0;66
67;27;0;67
68;27;0;68
69;27;0;69
70;27;0;70
71;27;0;71
72;27;0;72
73;27;0;73
74;27;0;74
75;27;0;75
76;27;0;76
77;27;0;77
78;27;0;78
79;27;0;79
80;27;0;80
81;27;0;81
82;27;0;82
83;27;0;83
84;27;0;84
85;27;0;85
86;27;0;86
87;27;0;87
88;27;0;88
89;27;0;89
90;27;0;90
91;27;0;91
92;27;0;92
93;27;0;93
94;27;0;94
95;27;0;95
0;28;1;0
1;28;1;1
2;28;1;2
3;28;1;3
4;28;1;4
5;28;1;5
6;28;1;6
7;28;1;7
8;28;1;8
9;28;1;9
10;28;1;10
11;28;1;11
12;28;1;12
13;28;1;13
14;28;1;14
15;28;1;15
16;28;0;16
17;28;0;17
18;28;0;18
19;28;0;19
20;28;0;20
21;28;0;21
22;28;0;22
23;28;0;23
24;28;0;24
25;28;0;25
26;28;0;26
27;28;0;27
28;28;0;28
29;28;0;29
30;28;0;30
31;28;0;31
32;28;0;32
33;28;0;33
34;28;0;34
35;28;0;35
36;28;0;36
37;28;0;37
38;28;0;38
39;28;0;39
40;28;0;40
41;28;0;41
42;28;0;42
43;28;0;43
44;28;0;44
45;28;0;45
46;28;0;46
47;28;0;47
48;28;0;48
49;28;0;49
50;28;0;50
51;28;0;51
52;28;0;52
53;28;0;53
54;28;0;54
55;28;0;55
56;28;0;56
57;28;0;57
58;28;0;58
59;28;0;59
60;28;0;60
61;28;0;61
62;28;0;62
63;28;0;63
64;28;1;64
65;28;1;65
66;28;1;66
67;28;1;67
68;28;1;68
69;28;1;69
70;28;1;70
71;28;1;71
72;28;1;72
73;28;1;73
74;28;1;74
75;28;1;75
76;28;1;76
77;28;1;77
78;28;1;78
79;28;1;79
80;28;1;80
81;28;1;81
82;28;1;82
83;28;1;83
84;28;1;84
85;28;1;85
86;28;1;86
87;28;1;87
88;28;1;88
89;28;1;89
90;28;1;90
91;28;1;91
92;28;1;92
93;28;1;93
94;28;1;94
95;28;1;95
0;29;1;0
1;29;1;1
2;29;1;2
3;29;1;3
4;29;1;4
5;29;1;5
6;29;1;6
7;29;1;7
8;29;1;8
9;29;1;9
10;29;1;10
11;29;1;11
12;29;1;12
13;29;1;13
14;29;1;14
15;29;1;15
16;29;0;16
17;29;0;17
18;29;0;18
19;29;0;19
20;29;0;20
21;29;0;21
22;29;0;22
23;29;0;23
24;29;0;24
25;29;0;25
26;29;0;26
27;29;0;27
28;29;0;28
29;29;0;29
30;29;0;30
31;29;0;31
32;29;0;32
33;29;0;33
34;29;0;34
35;29;0;35
36;29;0;36
37;29;0;37
38;29;0;38
39;29;0;39
40;29;0;40
41;29;0;41
42;29;0;42
43;29;0;43
44;29;0;44
45;29;0;45
46;29;0;46
47;29;0;47
48;29;0;48
49;29;0;49
50;29;0;50
51;29;0;51
52;29;0;52
53;29;0;53
54;29;0;54
55;29;0;55
56;29;0;56
57;29;0;57
58;29;0;58
59;29;0;59
60;29;0;60
61;29;0;61
62;29;0;62
63;29;0;63
64;29;1;64
65;29;1;65
66;29;1;66
67;29;1;67
68;29;1;68
69;29;1;69
70;29;1;70
71;29;1;71
72;29;1;72
73;29;1;73
74;29;1;74
75;29;1;75
76;29;1;76
77;29;1;77
78;29;1;78
79;29;1;79
80;29;0;80
81;29;0;81
82;29;0;82
83;29;0;83
84;29;0;84
85;29;0;85
86;29;0;86
87;29;0;87
88;29;0;88
89;29;0;89
90;29;0;90
91;29;0;91
92;29;0;92
93;29;0;93
94;29;0;94
95;29;0;95
0;30;1;0
1;30;1;1
2;30;1;2
3;30;1;3
4;30;1;4
5;30;1;5
6;30;1;6
7;30;1;7
8;30;1;8
9;30;1;9
10;30;1;10
11;30;1;11
12;30;1;12
13;30;1;13
14;30;1;14
15;30;1;15
16;30;0;16
17;30;0;17
18;30;0;18
19;30;0;19
20;30;0;20
21;30;0;21
22;30;0;22
23;30;0;23
24;30;0;24
25;30;0;25
26;30;0;26
27;30;0;27
28;30;0;28
29;30;0;29
30;30;0;30
31;30;0;31
32;30;0;32
33;30;0;33
34;30;0;34
35;30;0;35
36;30;0;36
37;30;0;37
38;30;0;38
39;30;0;39
40;30;0;40
41;30;0;41
42;30;0;42
43;30;0;43
44;30;0;44
45;30;0;45
46;30;0;46
47;30;0;47
48;30;0;48
49;30;0;49
50;30;0;50
51;30;0;51
52;30;0;52
53;30;0;53
54;30;0;54
55;30;0;55
56;30;0;56
57;30;0;57
58;30;0;58
59;30;0;59
60;30;0;60
61;30;0;61
62;30;0;62
63;30;0;63
64;30;0;64
65;30;0;65
66;30;0;66
67;30;0;67
68;30;0;68
69;30;0;69
70;30;0;70
71;30;0;71
72;30;0;72
73;30;0;73
74;30;0;74
75;30;0;75
76;30;0;76
77;30;0;77
78;30;0;78
79;30;0;79
80;30;1;80
81;30;1;81
82;30;1;82
83;30;1;83
84;30;1;84
85;30;1;85
86;30;1;86
87;30;1;87
88;30;1;88
89;30;1;89
90;30;1;90
91;30;1;91
92;30;1;92
93;30;1;93
94;30;1;94
95;30;1;95
0;31;1;0
1;31;1;1
2;31;1;2
3;31;1;3
4;31;1;4
5;31;1;5
6;31;1;6
7;31;1;7
8;31;1;8
9;31;1;9
10;31;1;10
11;31;1;11
12;31;1;12
13;31;1;13
14;31;1;14
15;31;1;15
16;31;0;16
17;31;0;17
18;31;0;18
19;31;0;19
20;31;0;20
21;31;0;21
22;31;0;22
23;31;0;23
24;31;0;24
25;31;0;25
26;31;0;26
27;31;0;27
28;31;0;28
29;31;0;29
30;31;0;30
31;31;0;31
32;31;0;32
33;31;0;33
34;31;0;34
35;31;0;35
36;31;0;36
37;31;0;37
38;31;0;38
39;31;0;39
40;31;0;40
41;31;0;41
42;31;0;42
43;31;0;43
44;31;0;44
45;31;0;45
46;31;0;46
47;31;0;47
48;31;0;48
49;31;0;49
50;31;0;50
51;31;0;51
52;31;0;52
53;31;0;53
54;31;0;54
55;31;0;55
56;31;0;56
57;31;0;57
58;31;0;58
59;31;0;59
60;31;0;60
61;31;0;61
62;31;0;62
63;31;0;63
64;31;0;64
65;31;0;65
66;31;0;66
67;31;0;67
68;31;0;68
69;31;0;69
70;31;0;70
71;31;0;71
72;31;0;72
73;31;0;73
74;31;0;74
75;31;0;75
76;31;0;76
77;31;0;77
78;31;0;78
79;31;0;79
80;31;0;80
81;31;0;81
82;31;0;82
83;31;0;83
84;31;0;84
85;31;0;85
86;31;0;86
87;31;0;87
88;31;0;88
89;31;0;89
90;31;0;90
91;31;0;91
92;31;0;92
93;31;0;93
94;31;0;94
95;31;0;95
0;32;0;0
1;32;0;1
2;32;0;2
3;32;0;3
4;32;0;4
5;32;0;5
6;32;0;6
7;32;0;7
8;32;0;8
9;32;0;9
10;32;0;10
11;32;0;11
12;32;0;12
13;32;0;13
14;32;0;14
15;32;0;15
16;32;1;16
17;32;1;17
18;32;1;18
19;32;1;19
20;32;1;20
21;32;1;21
22;32;1;22
23;32;1;23
24;32;1;24
25;32;1;25
26;32;1;26
27;32;1;27
28;32;1;28
29;32;1;29
30;32;1;30
31;32;1;31
32;32;1;32
33;32;1;33
34;32;1;34
35;32;1;35
36;32;1;36
37;32;1;37
38;32;1;38
39;32;1;39
40;32;1;40
41;32;1;41
42;32;1;42
43;32;1;43
44;32;1;44
45;32;1;45
46;32;1;46
47;32;1;47
48;32;1;48
49;32;1;49
50;32;1;50
51;32;1;51
52;32;1;52
53;32;1;53
54;32;1;54
55;32;1;55
56;32;1;56
57;32;1;57
58;32;1;58
59;32;1;59
60;32;1;60
61;32;1;61
62;32;1;62
63;32;1;63
64;32;1;64
65;32;1;65
66;32;1;66
67;32;1;67
68;32;1;68
69;32;1;69
70;32;1;70
71;32;1;71
72;32;1;72
73;32;1;73
74;32;1;74
75;32;1;75
76;32;1;76
77;32;1;77
78;32;1;78
79;32;1;79
80;32;1;80
81;32;1;81
82;32;1;82
83;32;1;83
84;32;1;84
85;32;1;85
86;32;1;86
87;32;1;87
88;32;1;88
89;32;1;89
90;32;1;90
91;32;1;91
92;32;1;92
93;32;1;93
94;32;1;94
95;32;1;95
0;33;0;0
1;33;0;1
2;33;0;2
3;33;0;3
4;33;0;4
5;33;0;5
6;33;0;6
7;33;0;7
8;33;0;8
9;33;0;9
10;33;0;10
11;33;0;11
12;33;0;12
13;33;0;13
14;33;0;14
15;33;0;15
16;33;1;16
17;33;1;17
18;33;1;18
19;33;1;19
20;33;1;20
21;33;1;21
22;33;1;22
23;33;1;23
24;33;1;24
25;33;1;25
26;33;1;26
27;33;1;27
28;33;1;28
29;33;1;29
30;33;1;30
31;33;1;31
32;33;1;32
33;33;1;33
34;33;1;34
35;33;1;35
36;33;1;36
37;33;1;37
38;33;1;38
39;33;1;39
40;33;1;40
41;33;1;41
42;33;1;42
43;33;1;43
44;33;1;44
45;33;1;45
46;33;1;46
47;33;1;47
48;33;1;48
49;33;1;49
50;33;1;50
51;33;1;51
52;33;1;52
53;33;1;53
54;33;1;54
55;33;1;55
56;33;1;56
57;33;1;57
58;33;1;58
59;33;1;59
60;33;1;60
61;33;1;61
62;33;1;62
63;33;1;63
64;33;1;64
65;33;1;65
66;33;1;66
67;33;1;67
68;33;1;68
69;33;1;69
70;33;1;70
71;33;1;71
72;33;1;72
73;33;1;73
74;33;1;74
75;33;1;75
76;33;1;76
77;33;1;77
78;33;1;78
79;33;1;79
80;33;0;80
81;33;0;81
82;33;0;82
83;33;0;83
84;33;0;84
85;33;0;85
86;33;0;86
87;33;0;87
88;33;0;88
89;33;0;89
90;33;0;90
91;33;0;91
92;33;0;92
93;33;0;93
94;33;0;94
95;33;0;95
0;34;0;0
1;34;0;1
2;34;0;2
3;34;0;3
4;34;0;4
5;34;0;5
6;34;0;6
7;34;0;7
8;34;0;8
9;34;0;9
10;34;0;10
11;34;0;11
12;34;0;12
13;34;0;13
14;34;0;14
15;34;0;15
16;34;1;16
17;34;1;17
18;34;1;18
19;34;1;19
20;34;1;20
21;34;1;21
22;34;1;22
23;34;1;23
24;34;1;24
25;34;1;25
26;34;1;26
27;34;1;27
28;34;1;28
29;34;1;29
30;34;1;30
31;34;1;31
32;34;1;32
33;34;1;33
34;34;1;34
35;34;1;35
36;34;1;36
37;34;1;37
38;34;1;38
39;34;1;39
40;34;1;40
41;34;1;41
42;34;1;42
43;34;1;43
44;34;1;44
45;34;1;45
46;34;1;46
47;34;1;47
48;34;1;48
49;34;1;49
50;34;1;50
51;34;1;51
52;34;1;52
53;34;1;53
54;34;1;54
55;34;1;55
56;34;1;56
57;34;1;57
58;34;1;58
59;34;1;59
60;34;1;60
61;34;1;61
62;34;1;62
63;34;1;63
64;34;0;64
65;34;0;65
66;34;0;66
67;34;0;67
68;34;0;68
69;34;0;69
70;34;0;70
71;34;0;71
72;34;0;72
73;34;0;73
74;34;0;74
75;34;0;75
76;34;0;76
77;34;0;77
78;34;0;78
79;34;0;79
80;34;1;80
81;34;1;81
82;34;1;82
83;34;1;83
84;34;1;84
85;34;1;85
86;34;1;86
87;34;1;87
88;34;1;88
89;34;1;89
90;34;1;90
91;34;1;91
92;34;1;92
93;34;1;93
94;34;1;94
95;34;1;95
0;35;0;0
1;35;0;1
2;35;0;2
3;35;0;3
4;35;0;4
5;35;0;5
6;35;0;6
7;35;0;7
8;35;0;8
9;35;0;9
10;35;0;10
11;35;0;11
12;35;0;12
13;35;0;13
14;35;0;14
15;35;0;15
16;35;1;16
17;35;1;17
18;35;1;18
19;35;1;19
20;35;1;20
21;35;1;21
22;35;1;22
23;35;1;23
24;35;1;24
25;35;1;25
26;35;1;26
27;35;1;27
28;35;1;28
29;35;1;29
30;35;1;30
31;35;1;31
32;35;1;32
33;35;1;33
34;35;1;34
35;35;1;35
36;35;1;36
37;35;1;37
38;35;1;38
39;35;1;39
40;35;1;40
41;35;1;41
42;35;1;42
43;35;1;43
44;35;1;44
45;35;1;45
46;35;1;46
47;35;1;47
48;35;1;48
49;35;1;49
50;35;1;50
51;35;1;51
52;35;1;52
53;35;1;53
54;35;1;54
55;35;1;55
56;35;1;56
57;35;1;57
58;35;1;58
59;35;1;59
60;35;1;60
61;35;1;61
62;35;1;62
63;35;1;63
64;35;0;64
65;35;0;65
66;35;0;66
67;35;0;67
68;35;0;68
69;35;0;69
70;35;0;70
71;35;0;71
72;35;0;72
73;35;0;73
74;35;0;74
75;35;0;75
76;35;0;76
77;35;0;77
78;35;0;78
79;35;0;79
80;35;0;80
81;35;0;81
82;35;0;82
83;35;0;83
84;35;0;84
85;35;0;85
86;35;0;86
87;35;0;87
88;35;0;88
89;35;0;89
90;35;0;90
91;35;0;91
92;35;0;92
93;35;0;93
94;35;0;94
95;35;0;95
0;36;0;0
1;36;0;1
2;36;0;2
3;36;0;3
4;36;0;4
5;36;0;5
6;36;0;6
7;36;0;7
8;36;0;8
9;36;0;9
10;36;0;10
11;36;0;11
12;36;0;12
13;36;0;13
14;36;0;14
15;36;0;15
16;36;1;16
17;36;1;17
18;36;1;18
19;36;1;19
20;36;1;20
21;36;1;21
22;36;1;22
23;36;1;23
24;36;1;24
25;36;1;25
26;36;1;26
27;36;1;27
28;36;1;28
29;36;1;29
30;36;1;30
31;36;1;31
32;36;1;32
33;36;1;33
34;36;1;34
35;36;1;35
36;36;1;36
37;36;1;37
38;36;1;38
39;36;1;39
40;36;1;40
41;36;1;41
42;36;1;42
43;36;1;43
44;36;1;44
45;36;1;45
46;36;1;46
47;36;1;47
48;36;0;48
49;36;0;49
50;36;0;50
51;36;0;51
52;36;0;52
53;36;0;53
54;36;0;54
55;36;0;55
56;36;0;56
57;36;0;57
58;36;0;58
59;36;0;59
60;36;0;60
61;36;0;61
62;36;0;62
63;36;0;63
64;36;1;64
65;36;1;65
66;36;1;66
67;36;1;67
68;36;1;68
69;36;1;69
70;36;1;70
71;36;1;71
72;36;1;72
73;36;1;73
74;36;1;74
75;36;1;75
76;36;1;76
77;36;1;77
78;36;1;78
79;36;1;79
80;36;1;80
81;36;1;81
82;36;1;82
83;36;1;83
84;36;1;84
85;36;1;85
86;36;1;86
87;36;1;87
88;36;1;88
89;36;1;89
90;36;1;90
91;36;1;91
92;36;1;92
93;36;1;93
94;36;1;94
95;36;1;95
0;37;0;0
1;37;0;1
2;37;0;2
3;37;0;3
4;37;0;4
5;37;0;5
6;37;0;6
7;37;0;7
8;37;0;8
9;37;0;9
10;37;0;10
11;37;0;11
12;37;0;12
13;37;0;13
14;37;0;14
15;37;0;15
16;37;1;16
17;37;1;17
18;37;1;18
19;37;1;19
20;37;1;20
21;37;1;21
22;37;1;22
23;37;1;23
24;37;1;24
25;37;1;25
26;37;1;26
27;37;1;27
28;37;1;28
29;37;1;29
30;37;1;30
31;37;1;31
32;37;1;32
33;37;1;33
34;37;1;34
35;37;1;35
36;37;1;36
37;37;1;37
38;37;1;38
39;37;1;39
40;37;1;40
41;37;1;41
42;37;1;42
43;37;1;43
44;37;1;44
45;37;1;45
46;37;1;46
47;37;1;47
48;37;0;48
49;37;0;49
50;37;0;50
51;37;0;51
52;37;0;52
53;37;0;53
54;37;0;54
55;37;0;55
56;37;0;56
57;37;0;57
58;37;0;58
59;37;0;59
60;37;0;60
61;37;0;61
62;37;0;62
63;37;0;63
64;37;1;64
65;37;1;65
66;37;1;66
67;37;1;67
68;37;1;68
69;37;1;69
70;37;1;70
71;37;1;71
72;37;1;72
73;37;1;73
74;37;1;74
75;37;1;75
76;37;1;76
77;37;1;77
78;37;1;78
79;37;1;79
80;37;0;80
81;37;0;81
82;37;0;82
83;37;0;83
84;37;0;84
85;37;0;85
86;37;0;86
87;37;0;87
88;37;0;88
89;37;0;89
90;37;0;90
91;37;0;91
92;37;0;92
93;37;0;93
94;37;0;94
95;37;0;95
0;38;0;0
1;38;0;1
2;38;0;2
3;38;0;3
4;38;0;4
5;38;0;5
6;38;0;6
7;38;0;7
8;38;0;8
9;38;0;9
10;38;0;10
11;38;0;11
12;38;0;12
13;38;0;13
14;38;0;14
15;38;0;15
16;38;1;16
17;38;1;17
18;38;1;18
19;38;1;19
20;38;1;20
21;38;1;21
22;38;1;22
23;38;1;23
24;38;1;24
25;38;1;25
26;38;1;26
27;38;1;27
28;38;1;28
29;38;1;29
30;38;1;30
31;38;1;31
32;38;1;32
33;38;1;33
34;38;1;34
35;38;1;35
36;38;1;36
37;38;1;37
38;38;1;38
39;38;1;39
40;38;1;40
41;38;1;41
42;38;1;42
43;38;1;43
44;38;1;44
45;38;1;45
46;38;1;46
47;38;1;47
48;38;0;48
49;38;0;49
50;38;0;50
51;38;0;51
52;38;0;52
53;38;0;53
54;38;0;54
55;38;0;55
56;38;0;56
57;38;0;57
58;38;0;58
59;38;0;59
60;38;0;60
61;38;0;61
62;38;0;62
63;38;0;63
64;38;0;64
65;38;0;65
66;38;0;66
67;38;0;67
68;38;0;68
69;38;0;69
70;38;0;70
71;38;0;71
72;38;0;72
73;38;0;73
74;38;0;74
75;38;0;75
76;38;0;76
77;38;0;77
78;38;0;78
79;38;0;79
80;38;1;80
81;38;1;81
82;38;1;82
83;38;1;83
84;38;1;84
85;38;1;85
86;38;1;86
87;38;1;87
88;38;1;88
89;38;1;89
90;38;1;90
91;38;1;91
92;38;1;92
93;38;1;93
94;38;1;94
95;38;1;95
0;39;0;0
1;39;0;1
2;39;0;2
3;39;0;3
4;39;0;4
5;39;0;5
6;39;0;6
7;39;0;7
8;39;0;8
9;39;0;9
10;39;0;10
11;39;0;11
12;39;0;12
13;39;0;13
14;39;0;14
15;39;0;15
16;39;1;16
17;39;1;17
18;39;1;18
19;39;1;19
20;39;1;20
21;39;1;21
22;39;1;22
23;39;1;23
24;39;1;24
25;39;1;25
26;39;1;26
27;39;1;27
28;39;1;28
29;39;1;29
30;39;1;30
31;39;1;31
32;39;1;32
33;39;1;33
34;39;1;34
35;39;1;35
36;39;1;36
37;39;1;37
38;39;1;38
39;39;1;39
40;39;1;40
41;39;1;41
42;39;1;42
43;39;1;43
44;39;1;44
45;39;1;45
46;39;1;46
47;39;1;47
48;39;0;48
49;39;0;49
50;39;0;50
51;39;0;51
52;39;0;52
53;39;0;53
54;39;0;54
55;39;0;55
56;39;0;56
57;39;0;57
58;39;0;58
59;39;0;59
60;39;0;60
61;39;0;61
62;39;0;62
63;39;0;63
64;39;0;64
65;39;0;65
66;39;0;66
67;39;0;67
68;39;0;68
69;39;0;69
70;39;0;70
71;39;0;71
72;39;0;72
73;39;0;73
74;39;0;74
75;39;0;75
76;39;0;76
77;39;0;77
78;39;0;78
79;39;0;79
80;39;0;80
81;39;0;81
82;39;0;82
83;39;0;83
84;39;0;84
85;39;0;85
86;39;0;86
87;39;0;87
88;39;0;88
89;39;0;89
90;39;0;90
91;39;0;91
92;39;0;92
93;39;0;93
94;39;0;94
95;39;0;95
0;40;0;0
1;40;0;1
2;40;0;2
3;40;0;3
4;40;0;4
5;40;0;5
6;40;0;6
7;40;0;7
8;40;0;8
9;40;0;9
10;40;0;10
11;40;0;11
12;40;0;12
13;40;0;13
14;40;0;14
15;40;0;15
16;40;1;16
17;40;1;17
18;40;1;18
19;40;1;19
20;40;1;20
21;40;1;21
22;40;1;22
23;40;1;23
24;40;1;24
25;40;1;25
26;40;1;26
27;40;1;27
28;40;1;28
29;40;1;29
30;40;1;30
31;40;1;31
32;40;0;32
33;40;0;33
34;40;0;34
35;40;0;35
36;40;0;36
37;40;0;37
38;40;0;38
39;40;0;39
40;40;0;40
41;40;0;41
42;40;0;42
43;40;0;43
44;40;0;44
45;40;0;45
46;40;0;46
47;40;0;47
48;40;1;48
49;40;1;49
50;40;1;50
51;40;1;51
52;40;1;52
53;40;1;53
54;40;1;54
55;40;1;55
56;40;1;56
57;40;1;57
58;40;1;58
59;40;1;59
60;40;1;60
61;40;1;61
62;40;1;62
63;40;1;63
64;40;1;64
65;40;1;65
66;40;1;66
67;40;1;67
68;40;1;68
69;40;1;69
70;40;1;70
71;40;1;71
72;40;1;72
73;40;1;73
74;40;1;74
75;40;1;75
76;40;1;76
77;40;1;77
78;40;1;78
79;40;1;79
80;40;1;80
81;40;1;81
82;40;1;82
83;40;1;83
84;40;1;84
85;40;1;85
86;40;1;86
87;40;1;87
88;40;1;88
89;40;1;89
90;40;1;90
91;40;1;91
92;40;1;92
93;40;1;93
94;40;1;94
95;40;1;95
0;41;0;0
1;41;0;1
2;41;0;2
3;41;0;3
4;41;0;4
5;41;0;5
6;41;0;6
7;41;0;7
8;41;0;8
9;41;0;9
10;41;0;10
11;41;0;11
12;41;0;12
13;41;0;13
14;41;0;14
15;41;0;15
16;41;1;16
17;41;1;17
18;41;1;18
19;41;1;19
20;41;1;20
21;41;1;21
22;41;1;22
23;41;1;23
24;41;1;24
25;41;1;25
26;41;1;26
27;41;1;27
28;41;1;28
29;41;1;29
30;41;1;30
31;41;1;31
32;41;0;32
33;41;0;33
34;41;0;34
35;41;0;35
36;41;0;36
37;41;0;37
38;41;0;38
39;41;0;39
40;41;0;40
41;41;0;41
42;41;0;42
43;41;0;43
44;41;0;44
45;41;0;45
46;41;0;46
47;41;0;47
48;41;1;48
49;41;1;49
50;41;1;50
51;41;1;51
52;41;1;52
53;41;1;53
54;41;1;54
55;41;1;55
56;41;1;56
57;41;1;57
58;41;1;58
59;41;1;59
60;41;1;60
61;41;1;61
62;41;1;62
63;41;1;63
64;41;1;64
65;41;1;65
66;41;1;66
67;41;1;67
68;41;1;68
69;41;1;69
70;41;1;70
71;41;1;71
72;41;1;72
73;41;1;73
74;41;1;74
75;41;1;75
76;41;1;76
77;41;1;77
78;41;1;78
79;41;1;79
80;41;0;80
81;41;0;81
82;41;0;82
83;41;0;83
84;41;0;84
85;41;0;85
86;41;0;86
87;41;0;87
88;41;0;88
89;41;0;89
90;41;0;90
91;41;0;91
92;41;0;92
93;41;0;93
94;41;0;94
95;41;0;95
0;42;0;0
1;42;0;1
2;42;0;2
3;42;0;3
4;42;0;4
5;42;0;5
6;42;0;6
7;42;0;7
8;42;0;8
9;42;0;9
10;42;0;10
11;42;0;11
12;42;0;12
13;42;0;13
14;42;0;14
15;42;0;15
16;42;1;16
17;42;1;17
18;42;1;18
19;42;1;19
20;42;1;20
21;42;1;21
22;42;1;22
23;42;1;23
24;42;1;24
25;42;1;25
26;42;1;26
27;42;1;27
28;42;1;28
29;42;1;29
30;42;1;30
31;42;1;31
32;42;0;32
33;42;0;33
34;42;0;34
35;42;0;35
36;42;0;36
37;42;0;37
38;42;0;38
39;42;0;39
40;42;0;40
41;42;0;41
42;42;0;42
43;42;0;43
44;42;0;44
45;42;0;45
46;42;0;46
47;42;0;47
48;42;1;48
49;42;1;49
50;42;1;50
51;42;1;51
52;42;1;52
53;42;1;53
54;42;1;54
55;42;1;55
56;42;1;56
57;42;1;57
58;42;1;58
59;42;1;59
60;42;1;60
61;42;1;61
62;42;1;62
63;42;1;63
64;42;0;64
65;42;0;65
66;42;0;66
67;42;0;67
68;42;0;68
69;42;0;69
70;42;0;70
71;42;0;71
72;42;0;72
73;42;0;73
74;42;0;74
75;42;0;75
76;42;0;76
77;42;0;77
78;42;0;78
79;42;0;79
80;42;1;80
81;42;1;81
82;42;1;82
83;42;1;83
84;42;1;84
85;42;1;85
86;42;1;86
87;42;1;87
88;42;1;88
89;42;1;89
90;42;1;90
91;42;1;91
92;42;1;92
93;42;1;93
94;42;1;94
95;42;1;95
0;43;0;0
1;43;0;1
2;43;0;2
3;43;0;3
4;43;0;4
5;43;0;5
6;43;0;6
7;43;0;7
8;43;0;8
9;43;0;9
10;43;0;10
11;43;0;11
12;43;0;12
13;43;0;13
14;43;0;14
15;43;0;15
16;43;1;16
17;43;1;17
18;43;1;18
19;43;1;19
20;43;1;20
21;43;1;21
22;43;1;22
23;43;1;23
24;43;1;24
25;43;1;25
26;43;1;26
27;43;1;27
28;43;1;28
29;43;1;29
30;43;1;30
31;43;1;31
32;43;0;32
33;43;0;33
34;43;0;34
35;43;0;35
36;43;0;36
37;43;0;37
38;43;0;38
39;43;0;39
40;43;0;40
41;43;0;41
42;43;0;42
43;43;0;43
44;43;0;44
45;43;0;45
46;43;0;46
47;43;0;47
48;43;1;48
49;43;1;49
50;43;1;50
51;43;1;51
52;43;1;52
53;43;1;53
54;43;1;54
55;43;1;55
56;43;1;56
57;43;1;57
58;43;1;58
59;43;1;59
60;43;1;60
61;43;1;61
62;43;1;62
63;43;1;63
64;43;0;64
65;43;0;65
66;43;0;66
67;43;0;67
68;43;0;68
69;43;0;69
70;43;0;70
71;43;0;71
72;43;0;72
73;43;0;73
74;43;0;74
75;43;0;75
76;43;0;76
77;43;0;77
78;43;0;78
79;43;0;79
80;43;0;80
81;43;0;81
82;43;0;82
83;43;0;83
84;43;0;84
85;43;0;85
86;43;0;86
87;43;0;87
88;43;0;88
89;43;0;89
90;43;0;90
91;43;0;91
92;43;0;92
93;43;0;93
94;43;0;94
95;43;0;95
0;44;0;0
1;44;0;1
2;44;0;2
3;44;0;3
4;44;0;4
5;44;0;5
6;44;0;6
7;44;0;7
8;44;0;8
9;44;0;9
10;44;0;10
11;44;0;11
12;44;0;12
13;44;0;13
14;44;0;14
15;44;0;15
16;44;1;16
17;44;1;17
18;44;1;18
19;44;1;19
20;44;1;20
21;44;1;21
22;44;1;22
23;44;1;23
24;44;1;24
25;44;1;25
26;44;1;26
27;44;1;27
28;44;1;28
29;44;1;29
30;44;1;30
31;44;1;31
32;44;0;32
33;44;0;33
34;44;0;34
35;44;0;35
36;44;0;36
37;44;0;37
38;44;0;38
39;44;0;39
40;44;0;40
41;44;0;41
42;44;0;42
43;44;0;43
44;44;0;44
45;44;0;45
46;44;0;46
47;44;0;47
48;44;0;48
49;44;0;49
50;44;0;50
51;44;0;51
52;44;0;52
53;44;0;53
54;44;0;54
55;44;0;55
56;44;0;56
57;44;0;57
58;44;0;58
59;44;0;59
60;44;0;60
61;44;0;61
62;44;0;62
63;44;0;63
64;44;1;64
65;44;1;65
66;44;1;66
67;44;1;67
68;44;1;68
69;44;1;69
70;44;1;70
71;44;1;71
72;44;1;72
73;44;1;73
74;44;1;74
75;44;1;75
76;44;1;76
77;44;1;77
78;44;1;78
79;44;1;79
80;44;1;80
81;44;1;81
82;44;1;82
83;44;1;83
84;44;1;84
85;44;1;85
86;44;1;86
87;44;1;87
88;44;1;88
89;44;1;89
90;44;1;90
91;44;1;91
92;44;1;92
93;44;1;93
94;44;1;94
95;44;1;95
0;45;0;0
1;45;0;1
2;45;0;2
3;45;0;3
4;45;0;4
5;45;0;5
6;45;0;6
7;45;0;7
8;45;0;8
9;45;0;9
10;45;0;10
11;45;0;11
12;45;0;12
13;45;0;13
14;45;0;14
15;45;0;15
16;45;1;16
17;45;1;17
18;45;1;18
19;45;1;19
20;45;1;20
21;45;1;21
22;45;1;22
23;45;1;23
24;45;1;24
25;45;1;25
26;45;1;26
27;45;1;27
28;45;1;28
29;45;1;29
30;45;1;30
31;45;1;31
32;45;0;32
33;45;0;33
34;45;0;34
35;45;0;35
36;45;0;36
37;45;0;37
38;45;0;38
39;45;0;39
40;45;0;40
41;45;0;41
42;45;0;42
43;45;0;43
44;45;0;44
45;45;0;45
46;45;0;46
47;45;0;47
48;45;0;48
49;45;0;49
50;45;0;50
51;45;0;51
52;45;0;52
53;45;0;53
54;45;0;54
55;45;0;55
56;45;0;56
57;45;0;57
58;45;0;58
59;45;0;59
60;45;0;60
61;45;0;61
62;45;0;62
63;45;0;63
64;45;1;64
65;45;1;65
66;45;1;66
67;45;1;67
68;45;1;68
69;45;1;69
70;45;1;70
71;45;1;71
72;45;1;72
73;45;1;73
74;45;1;74
75;45;1;75
76;45;1;76
77;45;1;77
78;45;1;78
79;45;1;79
80;45;0;80
81;45;0;81
82;45;0;82
83;45;0;83
84;45;0;84
85;45;0;85
86;45;0;86
87;45;0;87
88;45;0;88
89;45;0;89
90;45;0;90
91;45;0;91
92;45;0;92
93;45;0;93
94;45;0;94
95;45;0;95
0;46;0;0
1;46;0;1
2;46;0;2
3;46;0;3
4;46;0;4
5;46;0;5
6;46;0;6
7;46;0;7
8;46;0;8
9;46;0;9
10;46;0;10
11;46;0;11
12;46;0;12
13;46;0;13
14;46;0;14
15;46;0;15
16;46;1;16
17;46;1;17
18;46;1;18
19;46;1;19
20;46;1;20
21;46;1;21
22;46;1;22
23;46;1;23
24;46;1;24
25;46;1;25
26;46;1;26
27;46;1;27
28;46;1;28
29;46;1;29
30;46;1;30
31;46;1;31
32;46;0;32
33;46;0;33
34;46;0;34
35;46;0;35
36;46;0;36
37;46;0;37
38;46;0;38
39;46;0;39
40;46;0;40
41;46;0;41
42;46;0;42
43;46;0;43
44;46;0;44
45;46;0;45
46;46;0;46
47;46;0;47
48;46;0;48
49;46;0;49
50;46;0;50
51;46;0;51
52;46;0;52
53;46;0;53
54;46;0;54
55;46;0;55
56;46;0;56
57;46;0;57
58;46;0;58
59;46;0;59
60;46;0;60
61;46;0;61
62;46;0;62
63;46;0;63
64;46;0;64
65;46;0;65
66;46;0;66
67;46;0;67
68;46;0;68
69;46;0;69
70;46;0;70
71;46;0;71
72;46;0;72
73;46;0;73
74;46;0;74
75;46;0;75
76;46;0;76
77;46;0;77
78;46;0;78
79;46;0;79
80;46;1;80
81;46;1;81
82;46;1;82
83;46;1;83
84;46;1;84
85;46;1;85
86;46;1;86
87;46;1;87
88;46;1;88
89;46;1;89
90;46;1;90
91;46;1;91
92;46;1;92
93;46;1;93
94;46;1;94
95;46;1;95
0;47;0;0
1;47;0;1
2;47;0;2
3;47;0;3
4;47;0;4
5;47;0;5
6;47;0;6
7;47;0;7
8;47;0;8
9;47;0;9
10;47;0;10
11;47;0;11
12;47;0;12
13;47;0;13
14;47;0;14
15;47;0;15
16;47;1;16
17;47;1;17
18;47;1;18
19;47;1;19
20;47;1;20
21;47;1;21
22;47;1;22
23;47;1;23
24;47;1;24
25;47;1;25
26;47;1;26
27;47;1;27
28;47;1;28
29;47;1;29
30;47;1;30
31;47;1;31
32;47;0;32
33;47;0;33
34;47;0;34
35;47;0;35
36;47;0;36
37;47;0;37
38;47;0;38
39;47;0;39
40;47;0;40
41;47;0;41
42;47;0;42
43;47;0;43
44;47;0;44
45;47;0;45
46;47;0;46
47;47;0;47
48;47;0;48
49;47;0;49
50;47;0;50
51;47;0;51
52;47;0;52
53;47;0;53
54;47;0;54
55;47;0;55
56;47;0;56
57;47;0;57
58;47;0;58
59;47;0;59
60;47;0;60
61;47;0;61
62;47;0;62
63;47;0;63
64;47;0;64
65;47;0;65
66;47;0;66
67;47;0;67
68;47;0;68
69;47;0;69
70;47;0;70
71;47;0;71
72;47;0;72
73;47;0;73
74;47;0;74
75;47;0;75
76;47;0;76
77;47;0;77
78;47;0;78
79;47;0;79
80;47;0;80
81;47;0;81
82;47;0;82
83;47;0;83
84;47;0;84
85;47;0;85
86;47;0;86
87;47;0;87
88;47;0;88
89;47;0;89
90;47;0;90
91;47;0;91
92;47;0;92
93;47;0;93
94;47;0;94
95;47;0;95
0;48;0;0
1;48;0;1
2;48;0;2
3;48;0;3
4;48;0;4
5;48;0;5
6;48;0;6
7;48;0;7
8;48;0;8
9;48;0;9
10;48;0;10
11;48;0;11
12;48;0;12
13;48;0;13
14;48;0;14
15;48;0;15
16;48;0;16
17;48;0;17
18;48;0;18
19;48;0;19
20;48;0;20
21;48;0;21
22;48;0;22
23;48;0;23
24;48;0;24
25;48;0;25
26;48;0;26
27;48;0;27
28;48;0;28
29;48;0;29
30;48;0;30
31;48;0;31
32;48;1;32
33;48;1;33
34;48;1;34
35;48;1;35
36;48;1;36
37;48;1;37
38;48;1;38
39;48;1;39
40;48;1;40
41;48;1;41
42;48;1;42
43;48;1;43
44;48;1;44
45;48;1;45
46;48;1;46
47;48;1;47
48;48;1;48
49;48;1;49
50;48;1;50
51;48;1;51
52;48;1;52
53;48;1;53
54;48;1;54
55;48;1;55
56;48;1;56
57;48;1;57
58;48;1;58
59;48;1;59
60;48;1;60
61;48;1;61
62;48;1;62
63;48;1;63
64;48;1;64
65;48;1;65
66;48;1;66
67;48;1;67
68;48;1;68
69;48;1;69
70;48;1;70
71;48;1;71
72;48;1;72
73;48;1;73
74;48;1;74
75;48;1;75
76;48;1;76
77;48;1;77
78;48;1;78
79;48;1;79
80;48;1;80
81;48;1;81
82;48;1;82
83;48;1;83
84;48;1;84
85;48;1;85
86;48;1;86
87;48;1;87
88;48;1;88
89;48;1;89
90;48;1;90
91;48;1;91
92;48;1;92
93;48;1;93
94;48;1;94
95;48;1;95
0;49;0;0
1;49;0;1
2;49;0;2
3;49;0;3
4;49;0;4
5;49;0;5
6;49;0;6
7;49;0;7
8;49;0;8
9;49;0;9
10;49;0;10
11;49;0;11
12;49;0;12
13;49;0;13
14;49;0;14
15;49;0;15
16;49;0;16
17;49;0;17
18;49;0;18
19;49;0;19
20;49;0;20
21;49;0;21
22;49;0;22
23;49;0;23
24;49;0;24
25;49;0;25
26;49;0;26
27;49;0;27
28;49;0;28
29;49;0;29
30;49;0;30
31;49;0;31
32;49;1;32
33;49;1;33
34;49;1;34
35;49;1;35
36;49;1;36
37;49;1;37
38;49;1;38
39;49;1;39
40;49;1;40
41;49;1;41
42;49;1;42
43;49;1;43
44;49;1;44
45;49;1;45
46;49;1;46
47;49;1;47
48;49;1;48
49;49;1;49
50;49;1;50
51;49;1;51
52;49;1;52
53;49;1;53
54;49;1;54
55;49;1;55
56;49;1;56
57;49;1;57
58;49;1;58
59;49;1;59
60;49;1;60
61;49;1;61
62;49;1;62
63;49;1;63
64;49;1;64
65;49;1;65
66;49;1;66
67;49;1;67
68;49;1;68
69;49;1;69
70;49;1;70
71;49;1;71
72;49;1;72
73;49;1;73
74;49;1;74
75;49;1;75
76;49;1;76
77;49;1;77
78;49;1;78
79;49;1;79
80;49;0;80
81;49;0;81
82;49;0;82
83;49;0;83
84;49;0;84
85;49;0;85
86;49;0;86
87;49;0;87
88;49;0;88
89;49;0;89
90;49;0;90
91;49;0;91
92;49;0;92
93;49;0;93
94;49;0;94
95;49;0;95
0;50;0;0
1;50;0;1
2;50;0;2
3;50;0;3
4;50;0;4
5;50;0;5
6;50;0;6
7;50;0;7
8;50;0;8
9;50;0;9
10;50;0;10
11;50;0;11
12;50;0;12
13;50;0;13
14;50;0;14
15;50;0;15
16;50;0;16
17;50;0;17
18;50;0;18
19;50;0;19
20;50;0;20
21;50;0;21
22;50;0;22
23;50;0;23
24;50;0;24
25;50;0;25
26;50;0;26
27;50;0;27
28;50;0;28
29;50;0;29
30;50;0;30
31;50;0;31
32;50;1;32
33;50;1;33
34;50;1;34
35;50;1;35
36;50;1;36
37;50;1;37
38;50;1;38
39;50;1;39
40;50;1;40
41;50;1;41
42;50;1;42
43;50;1;43
44;50;1;44
45;50;1;45
46;50;1;46
47;50;1;47
48;50;1;48
49;50;1;49
50;50;1;50
51;50;1;51
52;50;1;52
53;50;1;53
54;50;1;54
55;50;1;55
56;50;1;56
57;50;1;57
58;50;1;58
59;50;1;59
60;50;1;60
61;50;1;61
62;50;1;62
63;50;1;63
64;50;0;64
65;50;0;65
66;50;0;66
67;50;0;67
68;50;0;68
69;50;0;69
70;50;0;70
71;50;0;71
72;50;0;72
73;50;0;73
74;50;0;74
75;50;0;75
76;50;0;76
77;50;0;77
78;50;0;78
79;50;0;79
80;50;1;80
81;50;1;81
82;50;1;82
83;50;1;83
84;50;1;84
85;50;1;85
86;50;1;86
87;50;1;87
88;50;1;88
89;50;1;89
90;50;1;90
91;50;1;91
92;50;1;92
93;50;1;93
94;50;1;94
95;50;1;95
0;51;0;0
1;51;0;1
2;51;0;2
3;51;0;3
4;51;0;4
5;51;0;5
6;51;0;6
7;51;0;7
8;51;0;8
9;51;0;9
10;51;0;10
11;51;0;11
12;51;0;12
13;51;0;13
14;51;0;14
15;51;0;15
16;51;0;16
17;51;0;17
18;51;0;18
19;51;0;19
20;51;0;20
21;51;0;21
22;51;0;22
23;51;0;23
24;51;0;24
25;51;0;25
26;51;0;26
27;51;0;27
28;51;0;28
29;51;0;29
30;51;0;30
31;51;0;31
32;51;1;32
33;51;1;33
34;51;1;34
35;51;1;35
36;51;1;36
37;51;1;37
38;51;1;38
39;51;1;39
40;51;1;40
41;51;1;41
42;51;1;42
43;51;1;43
44;51;1;44
45;51;1;45
46;51;1;46
47;51;1;47
48;51;1;48
49;51;1;49
50;51;1;50
51;51;1;51
52;51;1;52
53;51;1;53
54;51;1;54
55;51;1;55
56;51;1;56
57;51;1;57
58;51;1;58
59;51;1;59
60;51;1;60
61;51;1;61
62;51;1;62
63;51;1;63
64;51;0;64
65;51;0;65
66;51;0;66
67;51;0;67
68;51;0;68
69;51;0;69
70;51;0;70
71;51;0;71
72;51;0;72
73;51;0;73
74;51;0;74
75;51;0;75
76;51;0;76
77;51;0;77
78;51;0;78
79;51;0;79
80;51;0;80
81;51;0;81
82;51;0;82
83;51;0;83
84;51;0;84
85;51;0;85
86;51;0;86
87;51;0;87
88;51;0;88
89;51;0;89
90;51;0;90
91;51;0;91
92;51;0;92
93;51;0;93
94;51;0;94
95;51;0;95
0;52;0;0
1;52;0;1
2;52;0;2
3;52;0;3
4;52;0;4
5;52;0;5
6;52;0;6
7;52;0;7
8;52;0;8
9;52;0;9
10;52;0;10
11;52;0;11
12;52;0;12
13;52;0;13
14;52;0;14
15;52;0;15
16;52;0;16
17;52;0;17
18;52;0;18
19;52;0;19
20;52;0;20
21;52;0;21
22;52;0;22
23;52;0;23
24;52;0;24
25;52;0;25
26;52;0;26
27;52;0;27
28;52;0;28
29;52;0;29
30;52;0;30
31;52;0;31
32;52;1;32
33;52;1;33
34;52;1;34
35;52;1;35
36;52;1;36
37;52;1;37
38;52;1;38
39;52;1;39
40;52;1;40
41;52;1;41
42;52;1;42
43;52;1;43
44;52;1;44
45;52;1;45
46;52;1;46
47;52;1;47
48;52;0;48
49;52;0;49
50;52;0;50
51;52;0;51
52;52;0;52
53;52;0;53
54;52;0;54
55;52;0;55
56;52;0;56
57;52;0;57
58;52;0;58
59;52;0;59
60;52;0;60
61;52;0;61
62;52;0;62
63;52;0;63
64;52;1;64
65;52;1;65
66;52;1;66
67;52;1;67
68;52;1;68
69;52;1;69
70;52;1;70
71;52;1;71
72;52;1;72
73;52;1;73
74;52;1;74
75;52;1;75
76;52;1;76
77;52;1;77
78;52;1;78
79;52;1;79
80;52;1;80
81;52;1;81
82;52;1;82
83;52;1;83
84;52;1;84
85;52;1;85
86;52;1;86
87;52;1;87
88;52;1;88
89;52;1;89
90;52;1;90
91;52;1;91
92;52;1;92
93;52;1;93
94;52;1;94
95;52;1;95
0;53;0;0
1;53;0;1
2;53;0;2
3;53;0;3
4;53;0;4
5;53;0;5
6;53;0;6
7;53;0;7
8;53;0;8
9;53;0;9
10;53;0;10
11;53;0;11
12;53;0;12
13;53;0;13
14;53;0;14
15;53;0;15
16;53;0;16
17;53;0;17
18;53;0;18
19;53;0;19
20;53;0;20
21;53;0;21
22;53;0;22
23;53;0;23
24;53;0;24
25;53;0;25
26;53;0;26
27;53;0;27
28;53;0;28
29;53;0;29
30;53;0;30
31;53;0;31
32;53;1;32
33;53;1;33
34;53;1;34
35;53;1;35
36;53;1;36
37;53;1;37
38;53;1;38
39;53;1;39
40;53;1;40
41;53;1;41
42;53;1;42
43;53;1;43
44;53;1;44
45;53;1;45
46;53;1;46
47;53;1;47
48;53;0;48
49;53;0;49
50;53;0;50
51;53;0;51
52;53;0;52
53;53;0;53
54;53;0;54
55;53;0;55
56;53;0;56
57;53;0;57
58;53;0;58
59;53;0;59
60;53;0;60
61;53;0;61
62;53;0;62
63;53;0;63
64;53;1;64
65;53;1;65
66;53;1;66
67;53;1;67
68;53;1;68
69;53;1;69
70;53;1;70
71;53;1;71
72;53;1;72
73;53;1;73
74;53;1;74
75;53;1;75
76;53;1;76
77;53;1;77
78;53;1;78
79;53;1;79
80;53;0;80
81;53;0;81
82;53;0;82
83;53;0;83
84;53;0;84
85;53;0;85
86;53;0;86
87;53;0;87
88;53;0;88
89;53;0;89
90;53;0;90
91;53;0;91
92;53;0;92
93;53;0;93
94;53;0;94
95;53;0;95
0;54;0;0
1;54;0;1
2;54;0;2
3;54;0;3
4;54;0;4
5;54;0;5
6;54;0;6
7;54;0;7
8;54;0;8
9;54;0;9
10;54;0;10
11;54;0;11
12;54;0;12
13;54;0;13
14;54;0;14
15;54;0;15
16;54;0;16
17;54;0;17
18;54;0;18
19;54;0;19
20;54;0;20
21;54;0;21
22;54;0;22
23;54;0;23
24;54;0;24
25;54;0;25
26;54;0;26
27;54;0;27
28;54;0;28
29;54;0;29
30;54;0;30
31;54;0;31
32;54;1;32
33;54;1;33
34;54;1;34
35;54;1;35
36;54;1;36
37;54;1;37
38;54;1;38
39;54;1;39
40;54;1;40
41;54;1;41
42;54;1;42
43;54;1;43
44;54;1;44
45;54;1;45
46;54;1;46
47;54;1;47
48;54;0;48
49;54;0;49
50;54;0;50
51;54;0;51
52;54;0;52
53;54;0;53
54;54;0;54
55;54;0;55
56;54;0;56
57;54;0;57
58;54;0;58
59;54;0;59
60;54;0;60
61;54;0;61
62;54;0;62
63;54;0;63
64;54;0;64
65;54;0;65
66;54;0;66
67;54;0;67
68;54;0;68
69;54;0;69
70;54;0;70
71;54;0;71
72;54;0;72
73;54;0;73
74;54;0;74
75;54;0;75
76;54;0;76
77;54;0;77
78;54;0;78
79;54;0;79
80;54;1;80
81;54;1;81
82;54;1;82
83;54;1;83
84;54;1;84
85;54;1;85
86;54;1;86
87;54;1;87
88;54;1;88
89;54;1;89
90;54;1;90
91;54;1;91
92;54;1;92
93;54;1;93
94;54;1;94
95;54;1;95
0;55;0;0
1;55;0;1
2;55;0;2
3;55;0;3
4;55;0;4
5;55;0;5
6;55;0;6
7;55;0;7
8;55;0;8
9;55;0;9
10;55;0;10
11;55;0;11
12;55;0;12
13;55;0;13
14;55;0;14
15;55;0;15
16;55;0;16
17;55;0;17
18;55;0;18
19;55;0;19
20;55;0;20
21;55;0;21
22;55;0;22
23;55;0;23
24;55;0;24
25;55;0;25
26;55;0;26
27;55;0;27
28;55;0;28
29;55;0;29
30;55;0;30
31;55;0;31
32;55;1;32
33;55;1;33
34;55;1;34
35;55;1;35
36;55;1;36
37;55;1;37
38;55;1;38
39;55;1;39
40;55;1;40
41;55;1;41
42;55;1;42
43;55;1;43
44;55;1;44
45;55;1;45
46;55;1;46
47;55;1;47
48;55;0;48
49;55;0;49
50;55;0;50
51;55;0;51
52;55;0;52
53;55;0;53
54;55;0;54
55;55;0;55
56;55;0;56
57;55;0;57
58;55;0;58
59;55;0;59
60;55;0;60
61;55;0;61
62;55;0;62
63;55;0;63
64;55;0;64
65;55;0;65
66;55;0;66
67;55;0;67
68;55;0;68
69;55;0;69
70;55;0;70
71;55;0;71
72;55;0;72
73;55;0;73
74;55;0;74
75;55;0;75
76;55;0;76
77;55;0;77
78;55;0;78
79;55;0;79
80;55;0;80
81;55;0;81
82;55;0;82
83;55;0;83
84;55;0;84
85;55;0;85
86;55;0;86
87;55;0;87
88;55;0;88
89;55;0;89
90;55;0;90
91;55;0;91
92;55;0;92
93;55;0;93
94;55;0;94
95;55;0;95
0;56;0;0
1;56;0;1
2;56;0;2
3;56;0;3
4;56;0;4
5;56;0;5
6;56;0;6
7;56;0;7
8;56;0;8
9;56;0;9
10;56;0;10
11;56;0;11
12;56;0;12
13;56;0;13
14;56;0;14
15;56;0;15
16;56;0;16
17;56;0;17
18;56;0;18
19;56;0;19
20;56;0;20
21;56;0;21
22;56;0;22
23;56;0;23
24;56;0;24
25;56;0;25
26;56;0;26
27;56;0;27
28;56;0;28
29;56;0;29
30;56;0;30
31;56;0;31
32;56;0;32
33;56;0;33
34;56;0;34
35;56;0;35
36;56;0;36
37;56;0;37
38;56;0;38
39;56;0;39
40;56;0;40
41;56;0;41
42;56;0;42
43;56;0;43
44;56;0;44
45;56;0;45
46;56;0;46
47;56;0;47
48;56;1;48
49;56;1;49
50;56;1;50
51;56;1;51
52;56;1;52
53;56;1;53
54;56;1;54
55;56;1;55
56;56;1;56
57;56;1;57
58;56;1;58
59;56;1;59
60;56;1;60
61;56;1;61
62;56;1;62
63;56;1;63
64;56;1;64
65;56;1;65
66;56;1;66
67;56;1;67
68;56;1;68
69;56;1;69
70;56;1;70
71;56;1;71
72;56;1;72
73;56;1;73
74;56;1;74
75;56;1;75
76;56;1;76
77;56;1;77
78;56;1;78
79;56;1;79
80;56;1;80
81;56;1;81
82;56;1;82
83;56;1;83
84;56;1;84
85;56;1;85
86;56;1;86
87;56;1;87
88;56;1;88
89;56;1;89
90;56;1;90
91;56;1;91
92;56;1;92
93;56;1;93
94;56;1;94
95;56;1;95
0;57;0;0
1;57;0;1
2;57;0;2
3;57;0;3
4;57;0;4
5;57;0;5
6;57;0;6
7;57;0;7
8;57;0;8
9;57;0;9
10;57;0;10
11;57;0;11
12;57;0;12
13;57;0;13
14;57;0;14
15;57;0;15
16;57;0;16
17;57;0;17
18;57;0;18
19;57;0;19
20;57;0;20
21;57;0;21
22;57;0;22
23;57;0;23
24;57;0;24
25;57;0;25
26;57;0;26
27;57;0;27
28;57;0;28
29;57;0;29
30;57;0;30
31;57;0;31
32;57;0;32
33;57;0;33
34;57;0;34
35;57;0;35
36;57;0;36
37;57;0;37
38;57;0;38
39;57;0;39
40;57;0;40
41;57;0;41
42;57;0;42
43;57;0;43
44;57;0;44
45;57;0;45
46;57;0;46
47;57;0;47
48;57;1;48
49;57;1;49
50;57;1;50
51;57;1;51
52;57;1;52
53;57;1;53
54;57;1;54
55;57;1;55
56;57;1;56
57;57;1;57
58;57;1;58
59;57;1;59
60;57;1;60
61;57;1;61
62;57;1;62
63;57;1;63
64;57;1;64
65;57;1;65
66;57;1;66
67;57;1;67
68;57;1;68
69;57;1;69
70;57;1;70
71;57;1;71
72;57;1;72
73;57;1;73
74;57;1;74
75;57;1;75
76;57;1;76
77;57;1;77
78;57;1;78
79;57;1;79
80;57;0;80
81;57;0;81
82;57;0;82
83;57;0;83
84;57;0;84
85;57;0;85
86;57;0;86
87;57;0;87
88;57;0;88
89;57;0;89
90;57;0;90
91;57;0;91
92;57;0;92
93;57;0;93
94;57;0;94
95;57;0;95
0;58;0;0
1;58;0;1
2;58;0;2
3;58;0;3
4;58;0;4
5;58;0;5
6;58;0;6
7;58;0;7
8;58;0;8
9;58;0;9
10;58;0;10
11;58;0;11
12;58;0;12
13;58;0;13
14;58;0;14
15;58;0;15
16;58;0;16
17;58;0;17
18;58;0;18
19;58;0;19
20;58;0;20
21;58;0;21
22;58;0;22
23;58;0;23
24;58;0;24
25;58;0;25
26;58;0;26
27;58;0;27
28;58;0;28
29;58;0;29
30;58;0;30
31;58;0;31
32;58;0;32
33;58;0;33
34;58;0;34
35;58;0;35
36;58;0;36
37;58;0;37
38;58;0;38
39;58;0;39
40;58;0;40
41;58;0;41
42;58;0;42
43;58;0;43
44;58;0;44
45;58;0;45
46;58;0;46
47;58;0;47
48;58;1;48
49;58;1;49
50;58;1;50
51;58;1;51
52;58;1;52
53;58;1;53
54;58;1;54
55;58;1;55
56;58;1;56
57;58;1;57
58;58;1;58
59;58;1;59
60;58;1;60
61;58;1;61
62;58;1;62
63;58;1;63
64;58;0;64
65;58;0;65
66;58;0;66
67;58;0;67
68;58;0;68
69;58;0;69
70;58;0;70
71;58;0;71
72;58;0;72
73;58;0;73
74;58;0;74
75;58;0;75
76;58;0;76
77;58;0;77
78;58;0;78
79;58;0;79
80;58;1;80
81;58;1;81
82;58;1;82
83;58;1;83
84;58;1;84
85;58;1;85
86;58;1;86
87;58;1;87
88;58;1;88
89;58;1;89
90;58;1;90
91;58;1;91
92;58;1;92
93;58;1;93
94;58;1;94
95;58;1;95
0;59;0;0
1;59;0;1
2;59;0;2
3;59;0;3
4;59;0;4
5;59;0;5
6;59;0;6
7;59;0;7
8;59;0;8
9;59;0;9
10;59;0;10
11;59;0;11
12;59;0;12
13;59;0;13
14;59;0;14
15;59;0;15
16;59;0;16
17;59;0;17
18;59;0;18
19;59;0;19
20;59;0;20
21;59;0;21
22;59;0;22
23;59;0;23
24;59;0;24
25;59;0;25
26;59;0;26
27;59;0;27
28;59;0;28
29;59;0;29
30;59;0;30
31;59;0;31
32;59;0;32
33;59;0;33
34;59;0;34
35;59;0;35
36;59;0;36
37;59;0;37
38;59;0;38
39;59;0;39
40;59;0;40
41;59;0;41
42;59;0;42
43;59;0;43
44;59;0;44
45;59;0;45
46;59;0;46
47;59;0;47
48;59;1;48
49;59;1;49
50;59;1;50
51;59;1;51
52;59;1;52
53;59;1;53
54;59;1;54
55;59;1;55
56;59;1;56
57;59;1;57
58;59;1;58
59;59;1;59
60;59;1;60
61;59;1;61
62;59;1;62
63;59;1;63
64;59;0;64
65;59;0;65
66;59;0;66
67;59;0;67
68;59;0;68
69;59;0;69
70;59;0;70
71;59;0;71
72;59;0;72
73;59;0;73
74;59;0;74
75;59;0;75
76;59;0;76
77;59;0;77
78;59;0;78
79;59;0;79
80;59;0;80
81;59;0;81
82;59;0;82
83;59;0;83
84;59;0;84
85;59;0;85
86;59;0;86
87;59;0;87
88;59;0;88
89;59;0;89
90;59;0;90
91;59;0;91
92;59;0;92
93;59;0;93
94;59;0;94
95;59;0;95
0;60;0;0
1;60;0;1
2;60;0;2
3;60;0;3
4;60;0;4
5;60;0;5
6;60;0;6
7;60;0;7
8;60;0;8
9;60;0;9
10;60;0;10
11;60;0;11
12;60;0;12
13;60;0;13
14;60;0;14
15;60;0;15
16;60;0;16
17;60;0;17
18;60;0;18
19;60;0;19
20;60;0;20
21;60;0;21
22;60;0;22
23;60;0;23
24;60;0;24
25;60;0;25
26;60;0;26
27;60;0;27
28;60;0;28
29;60;0;29
30;60;0;30
31;60;0;31
32;60;0;32
33;60;0;33
34;60;0;34
35;60;0;35
36;60;0;36
37;60;0;37
38;60;0;38
39;60;0;39
40;60;0;40
41;60;0;41
42;60;0;42
43;60;0;43
44;60;0;44
45;60;0;45
46;60;0;46
47;60;0;47
48;60;0;48
49;60;0;49
50;60;0;50
51;60;0;51
52;60;0;52
53;60;0;53
54;60;0;54
55;60;0;55
56;60;0;56
57;60;0;57
58;60;0;58
59;60;0;59
60;60;0;60
61;60;0;61
62;60;0;62
63;60;0;63
64;60;1;64
65;60;1;65
66;60;1;66
67;60;1;67
68;60;1;68
69;60;1;69
70;60;1;70
71;60;1;71
72;60;1;72
73;60;1;73
74;60;1;74
75;60;1;75
76;60;1;76
77;60;1;77
78;60;1;78
79;60;1;79
80;60;1;80
81;60;1;81
82;60;1;82
83;60;1;83
84;60;1;84
85;60;1;85
86;60;1;86
87;60;1;87
88;60;1;88
89;60;1;89
90;60;1;90
91;60;1;91
92;60;1;92
93;60;1;93
94;60;1;94
95;60;1;95
0;61;0;0
1;61;0;1
2;61;0;2
3;61;0;3
4;61;0;4
5;61;0;5
6;61;0;6
7;61;0;7
8;61;0;8
9;61;0;9
10;61;0;10
11;61;0;11
12;61;0;12
13;61;0;13
14;61;0;14
15;61;0;15
16;61;0;16
17;61;0;17
18;61;0;18
19;61;0;19
20;61;0;20
21;61;0;21
22;61;0;22
23;61;0;23
24;61;0;24
25;61;0;25
26;61;0;26
27;61;0;27
28;61;0;28
29;61;0;29
30;61;0;30
31;61;0;31
32;61;0;32
33;61;0;33
34;61;0;34
35;61;0;35
36;61;0;36
37;61;0;37
38;61;0;38
39;61;0;39
40;61;0;40
41;61;0;41
42;61;0;42
43;61;0;43
44;61;0;44
45;61;0;45
46;61;0;46
47;61;0;47
48;61;0;48
49;61;0;49
50;61;0;50
51;61;0;51
52;61;0;52
53;61;0;53
54;61;0;54
55;61;0;55
56;61;0;56
57;61;0;57
58;61;0;58
59;61;0;59
60;61;0;60
61;61;0;61
62;61;0;62
63;61;0;63
64;61;1;64
65;61;1;65
66;61;1;66
67;61;1;67
68;61;1;68
69;61;1;69
70;61;1;70
71;61;1;71
72;61;1;72
73;61;1;73
74;61;1;74
75;61;1;75
76;61;1;76
77;61;1;77
78;61;1;78
79;61;1;79
80;61;0;80
81;61;0;81
82;61;0;82
83;61;0;83
84;61;0;84
85;61;0;85
86;61;0;86
87;61;0;87
88;61;0;88
89;61;0;89
90;61;0;90
91;61;0;91
92;61;0;92
93;61;0;93
94;61;0;94
95;61;0;95
0;62;0;0
1;62;0;1
2;62;0;2
3;62;0;3
4;62;0;4
5;62;0;5
6;62;0;6
7;62;0;7
8;62;0;8
9;62;0;9
10;62;0;10
11;62;0;11
12;62;0;12
13;62;0;13
14;62;0;14
15;62;0;15
16;62;0;16
17;62;0;17
18;62;0;18
19;62;0;19
20;62;0;20
21;62;0;21
22;62;0;22
23;62;0;23
24;62;0;24
25;62;0;25
26;62;0;26
27;62;0;27
28;62;0;28
29;62;0;29
30;62;0;30
31;62;0;31
32;62;0;32
33;62;0;33
34;62;0;34
35;62;0;35
36;62;0;36
37;62;0;37
38;62;0;38
39;62;0;39
40;62;0;40
41;62;0;41
42;62;0;42
43;62;0;43
44;62;0;44
45;62;0;45
46;62;0;46
47;62;0;47
48;62;0;48
49;62;0;49
50;62;0;50
51;62;0;51
52;62;0;52
53;62;0;53
54;62;0;54
55;62;0;55
56;62;0;56
57;62;0;57
58;62;0;58
59;62;0;59
60;62;0;60
61;62;0;61
62;62;0;62
63;62;0;63
64;62;0;64
65;62;0;65
66;62;0;66
67;62;0;67
68;62;0;68
69;62;0;69
70;62;0;70
71;62;0;71
72;62;0;72
73;62;0;73
74;62;0;74
75;62;0;75
76;62;0;76
77;62;0;77
78;62;0;78
79;62;0;79
80;62;1;80
81;62;1;81
82;62;1;82
83;62;1;83
84;62;1;84
85;62;1;85
86;62;1;86
87;62;1;87
88;62;1;88
89;62;1;89
90;62;1;90
91;62;1;91
92;62;1;92
93;62;1;93
94;62;1;94
95;62;1;95
0;63;0;0
1;63;0;1
2;63;0;2
3;63;0;3
4;63;0;4
5;63;0;5
6;63;0;6
7;63;0;7
8;63;0;8
9;63;0;9
10;63;0;10
11;63;0;11
12;63;0;12
13;63;0;13
14;63;0;14
15;63;0;15
16;63;0;16
17;63;0;17
18;63;0;18
19;63;0;19
20;63;0;20
21;63;0;21
22;63;0;22
23;63;0;23
24;63;0;24
25;63;0;25
26;63;0;26
27;63;0;27
28;63;0;28
29;63;0;29
30;63;0;30
31;63;0;31
32;63;0;32
33;63;0;33
34;63;0;34
35;63;0;35
36;63;0;36
37;63;0;37
38;63;0;38
39;63;0;39
40;63;0;40
41;63;0;41
42;63;0;42
43;63;0;43
44;63;0;44
45;63;0;45
46;63;0;46
47;63;0;47
48;63;0;48
49;63;0;49
50;63;0;50
51;63;0;51
52;63;0;52
53;63;0;53
54;63;0;54
55;63;0;55
56;63;0;56
57;63;0;57
58;63;0;58
59;63;0;59
60;63;0;60
61;63;0;61
62;63;0;62
63;63;0;63
64;63;0;64
65;63;0;65
66;63;0;66
67;63;0;67
68;63;0;68
69;63;0;69
70;63;0;70
71;63;0;71
72;63;0;72
73;63;0;73
74;63;0;74
75;63;0;75
76;63;0;76
77;63;0;77
78;63;0;78
79;63;0;79
80;63;0;80
81;63;0;81
82;63;0;82
83;63;0;83
84;63;0;84
85;63;0;85
86;63;0;86
87;63;0;87
88;63;0;88
89;63;0;89
90;63;0;90
91;63;0;91
92;63;0;92
93;63;0;93
94;63;0;94
95;63;0;95
