1;0;0;62
6;0;1;96
22;0;0;63
37;0;1;47
40;0;1;94
44;0;1;40
48;0;1;14
49;0;1;28
56;0;1;0
69;0;1;85
70;0;0;78
75;0;1;97
81;0;0;31
84;0;1;64
86;0;1;48
87;0;1;49
89;0;1;86
94;0;1;1
97;0;1;4
101;0;1;90
102;0;0;87
113;0;0;55
125;0;1;91
127;0;1;29
128;0;1;5
134;0;1;98
144;0;1;41
154;0;1;79
157;0;1;22
158;0;0;16
160;0;0;74
163;0;1;34
172;0;0;88
174;0;0;80
183;0;0;81
185;0;1;42
195;0;1;53
198;0;1;99
199;0;1;6
201;0;1;69
203;0;1;2
217;0;0;17
222;0;1;24
232;0;1;18
239;0;0;92
242;0;1;82
243;0;0;23
250;0;1;19
256;0;1;75
257;0;0;20
261;0;1;21
262;0;1;12
266;0;1;25
268;0;1;26
270;0;1;7
272;0;1;43
273;0;1;8
279;0;1;13
280;0;1;70
281;0;1;37
284;0;1;44
286;0;1;65
290;0;1;95
293;0;0;76
298;0;1;38
299;0;0;56
303;0;1;27
304;0;1;39
308;0;0;93
312;0;1;3
321;0;1;32
324;0;1;57
330;0;0;77
332;0;0;83
333;0;1;35
336;0;1;30
341;0;0;58
344;0;1;54
346;0;1;66
355;0;1;45
359;0;1;67
362;0;1;9
388;0;1;50
392;0;1;51
397;0;1;71
401;0;1;59
409;0;0;60
411;0;1;68
414;0;1;84
418;0;1;36
421;0;1;72
430;0;1;10
435;0;0;89
438;0;1;33
441;0;0;46
448;0;1;15
454;0;1;52
457;0;1;61
462;0;1;11
470;0;1;73
1;1;0;62
6;1;1;96
22;1;0;63
37;1;1;47
40;1;1;94
44;1;1;40
48;1;1;14
49;1;1;28
56;1;1;0
69;1;1;85
70;1;0;78
75;1;1;97
81;1;0;31
84;1;1;64
86;1;1;48
87;1;1;49
89;1;1;86
94;1;1;1
97;1;1;4
101;1;1;90
102;1;0;87
113;1;0;55
125;1;1;91
127;1;1;29
128;1;1;5
134;1;1;98
144;1;1;41
154;1;1;79
157;1;1;22
158;1;0;16
160;1;0;74
163;1;1;34
172;1;0;88
174;1;0;80
183;1;0;81
185;1;1;42
195;1;1;53
198;1;1;99
199;1;1;6
201;1;1;69
203;1;1;2
217;1;0;17
222;1;1;24
232;1;1;18
239;1;1;92
242;1;1;82
243;1;1;23
250;1;1;19
256;1;1;75
257;1;1;20
261;1;1;21
262;1;1;12
266;1;1;25
268;1;1;26
270;1;1;7
272;1;1;43
273;1;1;8
279;1;1;13
280;1;1;70
281;1;1;37
284;1;1;44
286;1;1;65
290;1;1;95
293;1;0;76
298;1;1;38
299;1;0;56
303;1;1;27
304;1;1;39
308;1;0;93
312;1;1;3
321;1;1;32
324;1;1;57
330;1;0;77
332;1;0;83
333;1;1;35
336;1;1;30
341;1;0;58
344;1;1;54
346;1;1;66
355;1;1;45
359;1;1;67
362;1;1;9
388;1;1;50
392;1;1;51
397;1;1;71
401;1;1;59
409;1;0;60
411;1;1;68
414;1;1;84
418;1;1;36
421;1;1;72
430;1;1;10
435;1;1;89
438;1;1;33
441;1;0;46
448;1;1;15
454;1;1;52
457;1;1;61
462;1;1;11
470;1;1;73
1;2;0;62
6;2;1;96
22;2;0;63
37;2;1;47
40;2;1;94
44;2;1;40
48;2;1;14
49;2;1;28
56;2;1;0
69;2;1;85
70;2;0;78
75;2;1;97
81;2;0;31
84;2;1;64
86;2;1;48
87;2;1;49
89;2;1;86
94;2;1;1
97;2;1;4
101;2;1;90
102;2;0;87
113;2;0;55
125;2;1;91
127;2;1;29
128;2;1;5
134;2;1;98
144;2;1;41
154;2;1;79
157;2;1;22
158;2;0;16
160;2;0;74
163;2;1;34
172;2;0;88
174;2;0;80
183;2;0;81
185;2;1;42
195;2;1;53
198;2;1;99
199;2;1;6
201;2;1;69
203;2;1;2
217;2;0;17
222;2;1;24
232;2;1;18
239;2;1;92
242;2;1;82
243;2;1;23
250;2;1;19
256;2;1;75
257;2;1;20
261;2;1;21
262;2;1;12
266;2;1;25
268;2;1;26
270;2;1;7
272;2;1;43
273;2;1;8
279;2;1;13
280;2;1;70
281;2;1;37
284;2;1;44
286;2;1;65
290;2;1;95
293;2;0;76
298;2;1;38
299;2;0;56
303;2;1;27
304;2;1;39
308;2;0;93
312;2;1;3
321;2;1;32
324;2;1;57
330;2;0;77
332;2;0;83
333;2;1;35
336;2;1;30
341;2;0;58
344;2;1;54
346;2;1;66
355;2;1;45
359;2;1;67
362;2;1;9
388;2;1;50
392;2;1;51
397;2;1;71
401;2;1;59
409;2;0;60
411;2;1;68
414;2;1;84
418;2;1;36
421;2;1;72
430;2;1;10
435;2;1;89
438;2;1;33
441;2;0;46
448;2;1;15
454;2;1;52
457;2;1;61
462;2;1;11
470;2;1;73
1;3;0;62
6;3;1;96
22;3;0;63
37;3;1;47
40;3;1;94
44;3;1;40
48;3;0;14
49;3;1;28
56;3;0;0
69;3;1;85
70;3;0;78
75;3;1;97
81;3;0;31
84;3;1;64
86;3;1;48
87;3;1;49
89;3;1;86
94;3;0;1
97;3;0;4
101;3;1;90
102;3;0;87
113;3;0;55
125;3;1;91
127;3;1;29
128;3;1;5
134;3;1;98
144;3;1;41
154;3;1;79
157;3;1;22
158;3;0;16
160;3;0;74
163;3;1;34
172;3;0;88
174;3;0;80
183;3;0;81
185;3;1;42
195;3;1;53
198;3;1;99
199;3;0;6
201;3;1;69
203;3;1;2
217;3;0;17
222;3;1;24
232;3;0;18
239;3;0;92
242;3;1;82
243;3;0;23
250;3;1;19
256;3;1;75
257;3;0;20
261;3;0;21
262;3;1;12
266;3;1;25
268;3;1;26
270;3;0;7
272;3;1;43
273;3;0;8
279;3;0;13
280;3;1;70
281;3;1;37
284;3;1;44
286;3;1;65
290;3;1;95
293;3;0;76
298;3;0;38
299;3;0;56
303;3;1;27
304;3;1;39
308;3;0;93
312;3;0;3
321;3;1;32
324;3;1;57
330;3;0;77
332;3;0;83
333;3;1;35
336;3;1;30
341;3;0;58
344;3;1;54
346;3;1;66
355;3;1;45
359;3;1;67
362;3;0;9
388;3;1;50
392;3;1;51
397;3;1;71
401;3;1;59
409;3;0;60
411;3;1;68
414;3;1;84
418;3;1;36
421;3;1;72
430;3;1;10
435;3;0;89
438;3;1;33
441;3;0;46
448;3;1;15
454;3;1;52
457;3;1;61
462;3;0;11
470;3;1;73
1;4;0;62
6;4;1;96
22;4;0;63
37;4;1;47
40;4;1;94
44;4;1;40
48;4;1;14
49;4;1;28
56;4;1;0
69;4;1;85
70;4;0;78
75;4;1;97
81;4;0;31
84;4;1;64
86;4;1;48
87;4;1;49
89;4;1;86
94;4;1;1
97;4;1;4
101;4;1;90
102;4;0;87
113;4;0;55
125;4;1;91
127;4;1;29
128;4;1;5
134;4;1;98
144;4;1;41
154;4;1;79
157;4;1;22
158;4;0;16
160;4;0;74
163;4;1;34
172;4;0;88
174;4;0;80
183;4;0;81
185;4;1;42
195;4;1;53
198;4;1;99
199;4;1;6
201;4;1;69
203;4;1;2
217;4;0;17
222;4;1;24
232;4;1;18
239;4;1;92
242;4;1;82
243;4;1;23
250;4;1;19
256;4;1;75
257;4;1;20
261;4;1;21
262;4;1;12
266;4;1;25
268;4;1;26
270;4;1;7
272;4;1;43
273;4;1;8
279;4;1;13
280;4;1;70
281;4;1;37
284;4;1;44
286;4;1;65
290;4;1;95
293;4;0;76
298;4;1;38
299;4;0;56
303;4;1;27
304;4;1;39
308;4;0;93
312;4;1;3
321;4;1;32
324;4;1;57
330;4;0;77
332;4;0;83
333;4;1;35
336;4;1;30
341;4;0;58
344;4;1;54
346;4;1;66
355;4;1;45
359;4;1;67
362;4;1;9
388;4;1;50
392;4;1;51
397;4;1;71
401;4;1;59
409;4;0;60
411;4;1;68
414;4;1;84
418;4;1;36
421;4;1;72
430;4;1;10
435;4;1;89
438;4;1;33
441;4;0;46
448;4;1;15
454;4;1;52
457;4;1;61
462;4;1;11
470;4;1;73
1;5;0;62
6;5;1;96
22;5;0;63
37;5;1;47
40;5;1;94
44;5;1;40
48;5;1;14
49;5;1;28
56;5;1;0
69;5;1;85
70;5;0;78
75;5;1;97
81;5;0;31
84;5;1;64
86;5;1;48
87;5;1;49
89;5;1;86
94;5;1;1
97;5;1;4
101;5;1;90
102;5;0;87
113;5;0;55
125;5;1;91
127;5;1;29
128;5;1;5
134;5;1;98
144;5;1;41
154;5;1;79
157;5;1;22
158;5;0;16
160;5;0;74
163;5;1;34
172;5;0;88
174;5;0;80
183;5;0;81
185;5;1;42
195;5;1;53
198;5;1;99
199;5;1;6
201;5;1;69
203;5;1;2
217;5;0;17
222;5;1;24
232;5;1;18
239;5;1;92
242;5;1;82
243;5;1;23
250;5;1;19
256;5;1;75
257;5;1;20
261;5;1;21
262;5;1;12
266;5;1;25
268;5;1;26
270;5;1;7
272;5;1;43
273;5;1;8
279;5;1;13
280;5;1;70
281;5;1;37
284;5;1;44
286;5;1;65
290;5;1;95
293;5;0;76
298;5;1;38
299;5;0;56
303;5;1;27
304;5;1;39
308;5;0;93
312;5;1;3
321;5;1;32
324;5;1;57
330;5;0;77
332;5;0;83
333;5;1;35
336;5;1;30
341;5;0;58
344;5;1;54
346;5;1;66
355;5;1;45
359;5;1;67
362;5;1;9
388;5;1;50
392;5;1;51
397;5;1;71
401;5;1;59
409;5;0;60
411;5;1;68
414;5;1;84
418;5;1;36
421;5;1;72
430;5;1;10
435;5;1;89
438;5;1;33
441;5;0;46
448;5;1;15
454;5;1;52
457;5;1;61
462;5;1;11
470;5;1;73
1;6;0;62
6;6;1;96
22;6;0;63
37;6;1;47
40;6;1;94
44;6;1;40
48;6;1;14
49;6;1;28
56;6;1;0
69;6;1;85
70;6;0;78
75;6;1;97
81;6;0;31
84;6;1;64
86;6;1;48
87;6;1;49
89;6;1;86
94;6;1;1
97;6;1;4
101;6;1;90
102;6;0;87
113;6;0;55
125;6;1;91
127;6;1;29
128;6;1;5
134;6;1;98
144;6;1;41
154;6;1;79
157;6;1;22
158;6;0;16
160;6;0;74
163;6;1;34
172;6;0;88
174;6;0;80
183;6;0;81
185;6;1;42
195;6;1;53
198;6;1;99
199;6;1;6
201;6;1;69
203;6;1;2
217;6;0;17
222;6;1;24
232;6;1;18
239;6;0;92
242;6;1;82
243;6;0;23
250;6;1;19
256;6;1;75
257;6;0;20
261;6;1;21
262;6;1;12
266;6;1;25
268;6;1;26
270;6;1;7
272;6;1;43
273;6;1;8
279;6;1;13
280;6;1;70
281;6;1;37
284;6;1;44
286;6;1;65
290;6;1;95
293;6;0;76
298;6;1;38
299;6;0;56
303;6;1;27
304;6;1;39
308;6;0;93
312;6;1;3
321;6;1;32
324;6;1;57
330;6;0;77
332;6;0;83
333;6;1;35
336;6;1;30
341;6;0;58
344;6;1;54
346;6;1;66
355;6;1;45
359;6;1;67
362;6;1;9
388;6;1;50
392;6;1;51
397;6;1;71
401;6;1;59
409;6;0;60
411;6;1;68
414;6;1;84
418;6;1;36
421;6;1;72
430;6;1;10
435;6;0;89
438;6;1;33
441;6;0;46
448;6;1;15
454;6;1;52
457;6;1;61
462;6;1;11
470;6;1;73
1;7;0;62
6;7;1;96
22;7;0;63
37;7;1;47
40;7;1;94
44;7;1;40
48;7;1;14
49;7;1;28
56;7;1;0
69;7;1;85
70;7;0;78
75;7;1;97
81;7;0;31
84;7;1;64
86;7;1;48
87;7;1;49
89;7;1;86
94;7;1;1
97;7;1;4
101;7;1;90
102;7;0;87
113;7;0;55
125;7;1;91
127;7;1;29
128;7;1;5
134;7;1;98
144;7;1;41
154;7;1;79
157;7;1;22
158;7;0;16
160;7;0;74
163;7;1;34
172;7;0;88
174;7;0;80
183;7;0;81
185;7;1;42
195;7;1;53
198;7;1;99
199;7;1;6
201;7;1;69
203;7;1;2
217;7;0;17
222;7;1;24
232;7;1;18
239;7;1;92
242;7;1;82
243;7;1;23
250;7;1;19
256;7;1;75
257;7;1;20
261;7;1;21
262;7;1;12
266;7;1;25
268;7;1;26
270;7;1;7
272;7;1;43
273;7;1;8
279;7;1;13
280;7;1;70
281;7;1;37
284;7;1;44
286;7;1;65
290;7;1;95
293;7;0;76
298;7;1;38
299;7;0;56
303;7;1;27
304;7;1;39
308;7;0;93
312;7;1;3
321;7;1;32
324;7;1;57
330;7;0;77
332;7;0;83
333;7;1;35
336;7;1;30
341;7;0;58
344;7;1;54
346;7;1;66
355;7;1;45
359;7;1;67
362;7;1;9
388;7;1;50
392;7;1;51
397;7;1;71
401;7;1;59
409;7;0;60
411;7;1;68
414;7;1;84
418;7;1;36
421;7;1;72
430;7;1;10
435;7;1;89
438;7;1;33
441;7;0;46
448;7;1;15
454;7;1;52
457;7;1;61
462;7;1;11
470;7;1;73
1;8;0;62
6;8;1;96
22;8;0;63
37;8;1;47
40;8;1;94
44;8;1;40
48;8;1;14
49;8;1;28
56;8;1;0
69;8;1;85
70;8;0;78
75;8;1;97
81;8;0;31
84;8;1;64
86;8;1;48
87;8;1;49
89;8;1;86
94;8;1;1
97;8;1;4
101;8;1;90
102;8;0;87
113;8;0;55
125;8;1;91
127;8;1;29
128;8;1;5
134;8;1;98
144;8;1;41
154;8;1;79
157;8;1;22
158;8;0;16
160;8;0;74
163;8;1;34
172;8;0;88
174;8;0;80
183;8;0;81
185;8;1;42
195;8;1;53
198;8;1;99
199;8;1;6
201;8;1;69
203;8;1;2
217;8;0;17
222;8;1;24
232;8;1;18
239;8;0;92
242;8;1;82
243;8;1;23
250;8;1;19
256;8;1;75
257;8;1;20
261;8;1;21
262;8;1;12
266;8;1;25
268;8;1;26
270;8;1;7
272;8;1;43
273;8;1;8
279;8;1;13
280;8;1;70
281;8;1;37
284;8;1;44
286;8;1;65
290;8;1;95
293;8;0;76
298;8;1;38
299;8;0;56
303;8;1;27
304;8;1;39
308;8;0;93
312;8;1;3
321;8;1;32
324;8;1;57
330;8;0;77
332;8;0;83
333;8;1;35
336;8;1;30
341;8;0;58
344;8;1;54
346;8;1;66
355;8;1;45
359;8;1;67
362;8;1;9
388;8;1;50
392;8;1;51
397;8;1;71
401;8;1;59
409;8;0;60
411;8;1;68
414;8;1;84
418;8;1;36
421;8;1;72
430;8;1;10
435;8;0;89
438;8;1;33
441;8;0;46
448;8;1;15
454;8;1;52
457;8;1;61
462;8;1;11
470;8;1;73
1;9;0;62
6;9;1;96
22;9;0;63
37;9;1;47
40;9;1;94
44;9;1;40
48;9;1;14
49;9;1;28
56;9;1;0
69;9;1;85
70;9;0;78
75;9;1;97
81;9;0;31
84;9;1;64
86;9;1;48
87;9;1;49
89;9;1;86
94;9;1;1
97;9;1;4
101;9;1;90
102;9;0;87
113;9;0;55
125;9;1;91
127;9;1;29
128;9;1;5
134;9;1;98
144;9;1;41
154;9;1;79
157;9;1;22
158;9;0;16
160;9;0;74
163;9;1;34
172;9;0;88
174;9;0;80
183;9;0;81
185;9;1;42
195;9;1;53
198;9;1;99
199;9;1;6
201;9;1;69
203;9;1;2
217;9;0;17
222;9;1;24
232;9;1;18
239;9;1;92
242;9;1;82
243;9;1;23
250;9;1;19
256;9;1;75
257;9;1;20
261;9;1;21
262;9;1;12
266;9;1;25
268;9;1;26
270;9;1;7
272;9;1;43
273;9;1;8
279;9;1;13
280;9;1;70
281;9;1;37
284;9;1;44
286;9;1;65
290;9;1;95
293;9;0;76
298;9;1;38
299;9;0;56
303;9;1;27
304;9;1;39
308;9;0;93
312;9;1;3
321;9;1;32
324;9;1;57
330;9;0;77
332;9;0;83
333;9;1;35
336;9;1;30
341;9;0;58
344;9;1;54
346;9;1;66
355;9;1;45
359;9;1;67
362;9;1;9
388;9;1;50
392;9;1;51
397;9;1;71
401;9;1;59
409;9;0;60
411;9;1;68
414;9;1;84
418;9;1;36
421;9;1;72
430;9;1;10
435;9;1;89
438;9;1;33
441;9;0;46
448;9;1;15
454;9;1;52
457;9;1;61
462;9;1;11
470;9;1;73
1;10;0;62
6;10;1;96
22;10;0;63
37;10;1;47
40;10;1;94
44;10;1;40
48;10;1;14
49;10;1;28
56;10;1;0
69;10;1;85
70;10;0;78
75;10;1;97
81;10;0;31
84;10;1;64
86;10;1;48
87;10;1;49
89;10;1;86
94;10;1;1
97;10;1;4
101;10;1;90
102;10;0;87
113;10;0;55
125;10;1;91
127;10;1;29
128;10;1;5
134;10;1;98
144;10;1;41
154;10;1;79
157;10;1;22
158;10;0;16
160;10;0;74
163;10;1;34
172;10;0;88
174;10;0;80
183;10;0;81
185;10;1;42
195;10;1;53
198;10;1;99
199;10;1;6
201;10;1;69
203;10;1;2
217;10;0;17
222;10;1;24
232;10;1;18
239;10;0;92
242;10;1;82
243;10;1;23
250;10;1;19
256;10;1;75
257;10;1;20
261;10;1;21
262;10;1;12
266;10;1;25
268;10;1;26
270;10;1;7
272;10;1;43
273;10;1;8
279;10;1;13
280;10;1;70
281;10;1;37
284;10;1;44
286;10;1;65
290;10;1;95
293;10;0;76
298;10;1;38
299;10;0;56
303;10;1;27
304;10;1;39
308;10;0;93
312;10;1;3
321;10;1;32
324;10;1;57
330;10;0;77
332;10;0;83
333;10;1;35
336;10;1;30
341;10;0;58
344;10;1;54
346;10;1;66
355;10;1;45
359;10;1;67
362;10;1;9
388;10;1;50
392;10;1;51
397;10;1;71
401;10;1;59
409;10;0;60
411;10;1;68
414;10;1;84
418;10;1;36
421;10;1;72
430;10;1;10
435;10;0;89
438;10;1;33
441;10;0;46
448;10;1;15
454;10;1;52
457;10;1;61
462;10;1;11
470;10;1;73
1;11;0;62
6;11;1;96
22;11;0;63
37;11;1;47
40;11;1;94
44;11;1;40
48;11;1;14
49;11;1;28
56;11;1;0
69;11;1;85
70;11;0;78
75;11;1;97
81;11;0;31
84;11;1;64
86;11;1;48
87;11;1;49
89;11;1;86
94;11;1;1
97;11;1;4
101;11;1;90
102;11;0;87
113;11;0;55
125;11;1;91
127;11;1;29
128;11;1;5
134;11;1;98
144;11;1;41
154;11;1;79
157;11;1;22
158;11;0;16
160;11;0;74
163;11;1;34
172;11;0;88
174;11;0;80
183;11;0;81
185;11;1;42
195;11;1;53
198;11;1;99
199;11;1;6
201;11;1;69
203;11;1;2
217;11;0;17
222;11;1;24
232;11;1;18
239;11;1;92
242;11;1;82
243;11;0;23
250;11;1;19
256;11;1;75
257;11;0;20
261;11;1;21
262;11;1;12
266;11;1;25
268;11;1;26
270;11;1;7
272;11;1;43
273;11;1;8
279;11;1;13
280;11;1;70
281;11;1;37
284;11;1;44
286;11;1;65
290;11;1;95
293;11;0;76
298;11;1;38
299;11;0;56
303;11;1;27
304;11;1;39
308;11;0;93
312;11;1;3
321;11;1;32
324;11;1;57
330;11;0;77
332;11;0;83
333;11;1;35
336;11;1;30
341;11;0;58
344;11;1;54
346;11;1;66
355;11;1;45
359;11;1;67
362;11;1;9
388;11;1;50
392;11;1;51
397;11;1;71
401;11;1;59
409;11;0;60
411;11;1;68
414;11;1;84
418;11;1;36
421;11;1;72
430;11;1;10
435;11;1;89
438;11;1;33
441;11;0;46
448;11;1;15
454;11;1;52
457;11;1;61
462;11;1;11
470;11;1;73
1;12;0;62
6;12;1;96
22;12;0;63
37;12;1;47
40;12;1;94
44;12;1;40
48;12;1;14
49;12;1;28
56;12;1;0
69;12;1;85
70;12;0;78
75;12;1;97
81;12;0;31
84;12;1;64
86;12;1;48
87;12;1;49
89;12;1;86
94;12;1;1
97;12;1;4
101;12;1;90
102;12;0;87
113;12;0;55
125;12;1;91
127;12;1;29
128;12;1;5
134;12;1;98
144;12;1;41
154;12;1;79
157;12;1;22
158;12;0;16
160;12;0;74
163;12;1;34
172;12;0;88
174;12;0;80
183;12;0;81
185;12;1;42
195;12;1;53
198;12;1;99
199;12;1;6
201;12;1;69
203;12;1;2
217;12;0;17
222;12;1;24
232;12;1;18
239;12;1;92
242;12;1;82
243;12;0;23
250;12;1;19
256;12;1;75
257;12;0;20
261;12;1;21
262;12;1;12
266;12;1;25
268;12;1;26
270;12;1;7
272;12;1;43
273;12;1;8
279;12;1;13
280;12;1;70
281;12;1;37
284;12;1;44
286;12;1;65
290;12;1;95
293;12;0;76
298;12;1;38
299;12;0;56
303;12;1;27
304;12;1;39
308;12;0;93
312;12;1;3
321;12;1;32
324;12;1;57
330;12;0;77
332;12;0;83
333;12;1;35
336;12;1;30
341;12;0;58
344;12;1;54
346;12;1;66
355;12;1;45
359;12;1;67
362;12;1;9
388;12;1;50
392;12;1;51
397;12;1;71
401;12;1;59
409;12;0;60
411;12;1;68
414;12;1;84
418;12;1;36
421;12;1;72
430;12;1;10
435;12;1;89
438;12;1;33
441;12;0;46
448;12;1;15
454;12;1;52
457;12;1;61
462;12;1;11
470;12;1;73
1;13;0;62
6;13;1;96
22;13;0;63
37;13;1;47
40;13;1;94
44;13;1;40
48;13;1;14
49;13;1;28
56;13;1;0
69;13;1;85
70;13;0;78
75;13;1;97
81;13;0;31
84;13;1;64
86;13;1;48
87;13;1;49
89;13;1;86
94;13;1;1
97;13;1;4
101;13;1;90
102;13;0;87
113;13;0;55
125;13;1;91
127;13;1;29
128;13;1;5
134;13;1;98
144;13;1;41
154;13;1;79
157;13;1;22
158;13;0;16
160;13;0;74
163;13;1;34
172;13;0;88
174;13;0;80
183;13;0;81
185;13;1;42
195;13;1;53
198;13;1;99
199;13;1;6
201;13;1;69
203;13;1;2
217;13;0;17
222;13;1;24
232;13;1;18
239;13;1;92
242;13;1;82
243;13;1;23
250;13;1;19
256;13;1;75
257;13;1;20
261;13;1;21
262;13;1;12
266;13;1;25
268;13;1;26
270;13;1;7
272;13;1;43
273;13;1;8
279;13;1;13
280;13;1;70
281;13;1;37
284;13;1;44
286;13;1;65
290;13;1;95
293;13;0;76
298;13;1;38
299;13;0;56
303;13;1;27
304;13;1;39
308;13;0;93
312;13;1;3
321;13;1;32
324;13;1;57
330;13;0;77
332;13;0;83
333;13;1;35
336;13;1;30
341;13;0;58
344;13;1;54
346;13;1;66
355;13;1;45
359;13;1;67
362;13;1;9
388;13;1;50
392;13;1;51
397;13;1;71
401;13;1;59
409;13;0;60
411;13;1;68
414;13;1;84
418;13;1;36
421;13;1;72
430;13;1;10
435;13;1;89
438;13;1;33
441;13;0;46
448;13;1;15
454;13;1;52
457;13;1;61
462;13;1;11
470;13;1;73
1;14;0;62
6;14;1;96
22;14;0;63
37;14;1;47
40;14;1;94
44;14;1;40
48;14;1;14
49;14;1;28
56;14;1;0
69;14;1;85
70;14;0;78
75;14;1;97
81;14;0;31
84;14;1;64
86;14;1;48
87;14;1;49
89;14;1;86
94;14;1;1
97;14;1;4
101;14;1;90
102;14;0;87
113;14;0;55
125;14;1;91
127;14;1;29
128;14;1;5
134;14;1;98
144;14;1;41
154;14;1;79
157;14;1;22
158;14;0;16
160;14;0;74
163;14;1;34
172;14;0;88
174;14;0;80
183;14;0;81
185;14;1;42
195;14;1;53
198;14;1;99
199;14;1;6
201;14;1;69
203;14;1;2
217;14;0;17
222;14;1;24
232;14;1;18
239;14;0;92
242;14;1;82
243;14;1;23
250;14;1;19
256;14;1;75
257;14;1;20
261;14;1;21
262;14;1;12
266;14;1;25
268;14;1;26
270;14;1;7
272;14;1;43
273;14;1;8
279;14;1;13
280;14;1;70
281;14;1;37
284;14;1;44
286;14;1;65
290;14;1;95
293;14;0;76
298;14;1;38
299;14;0;56
303;14;1;27
304;14;1;39
308;14;0;93
312;14;1;3
321;14;1;32
324;14;1;57
330;14;0;77
332;14;0;83
333;14;1;35
336;14;1;30
341;14;0;58
344;14;1;54
346;14;1;66
355;14;1;45
359;14;1;67
362;14;1;9
388;14;1;50
392;14;1;51
397;14;1;71
401;14;1;59
409;14;0;60
411;14;1;68
414;14;1;84
418;14;1;36
421;14;1;72
430;14;1;10
435;14;0;89
438;14;1;33
441;14;0;46
448;14;1;15
454;14;1;52
457;14;1;61
462;14;1;11
470;14;1;73
1;15;0;62
6;15;1;96
22;15;0;63
37;15;1;47
40;15;1;94
44;15;1;40
48;15;1;14
49;15;1;28
56;15;1;0
69;15;1;85
70;15;0;78
75;15;1;97
81;15;0;31
84;15;1;64
86;15;1;48
87;15;1;49
89;15;1;86
94;15;1;1
97;15;1;4
101;15;1;90
102;15;0;87
113;15;0;55
125;15;1;91
127;15;1;29
128;15;1;5
134;15;1;98
144;15;1;41
154;15;1;79
157;15;1;22
158;15;0;16
160;15;0;74
163;15;1;34
172;15;0;88
174;15;0;80
183;15;0;81
185;15;1;42
195;15;1;53
198;15;1;99
199;15;1;6
201;15;1;69
203;15;1;2
217;15;0;17
222;15;1;24
232;15;1;18
239;15;1;92
242;15;1;82
243;15;1;23
250;15;1;19
256;15;1;75
257;15;1;20
261;15;1;21
262;15;1;12
266;15;1;25
268;15;1;26
270;15;1;7
272;15;1;43
273;15;1;8
279;15;1;13
280;15;1;70
281;15;1;37
284;15;1;44
286;15;1;65
290;15;1;95
293;15;0;76
298;15;1;38
299;15;0;56
303;15;1;27
304;15;1;39
308;15;0;93
312;15;1;3
321;15;1;32
324;15;1;57
330;15;0;77
332;15;0;83
333;15;1;35
336;15;1;30
341;15;0;58
344;15;1;54
346;15;1;66
355;15;1;45
359;15;1;67
362;15;1;9
388;15;1;50
392;15;1;51
397;15;1;71
401;15;1;59
409;15;0;60
411;15;1;68
414;15;1;84
418;15;1;36
421;15;1;72
430;15;1;10
435;15;1;89
438;15;1;33
441;15;0;46
448;15;1;15
454;15;1;52
457;15;1;61
462;15;1;11
470;15;1;73
1;16;0;62
6;16;1;96
22;16;0;63
37;16;1;47
40;16;1;94
44;16;1;40
48;16;1;14
49;16;1;28
56;16;1;0
69;16;1;85
70;16;0;78
75;16;1;97
81;16;0;31
84;16;1;64
86;16;1;48
87;16;1;49
89;16;1;86
94;16;1;1
97;16;1;4
101;16;1;90
102;16;0;87
113;16;0;55
125;16;1;91
127;16;1;29
128;16;1;5
134;16;1;98
144;16;1;41
154;16;1;79
157;16;1;22
158;16;0;16
160;16;0;74
163;16;1;34
172;16;0;88
174;16;0;80
183;16;0;81
185;16;1;42
195;16;1;53
198;16;1;99
199;16;1;6
201;16;1;69
203;16;1;2
217;16;0;17
222;16;1;24
232;16;1;18
239;16;0;92
242;16;1;82
243;16;1;23
250;16;1;19
256;16;1;75
257;16;1;20
261;16;1;21
262;16;1;12
266;16;1;25
268;16;1;26
270;16;1;7
272;16;1;43
273;16;1;8
279;16;1;13
280;16;1;70
281;16;1;37
284;16;1;44
286;16;1;65
290;16;1;95
293;16;0;76
298;16;1;38
299;16;0;56
303;16;1;27
304;16;1;39
308;16;0;93
312;16;1;3
321;16;1;32
324;16;1;57
330;16;0;77
332;16;0;83
333;16;1;35
336;16;1;30
341;16;0;58
344;16;1;54
346;16;1;66
355;16;1;45
359;16;1;67
362;16;1;9
388;16;1;50
392;16;1;51
397;16;1;71
401;16;1;59
409;16;0;60
411;16;1;68
414;16;1;84
418;16;1;36
421;16;1;72
430;16;1;10
435;16;0;89
438;16;1;33
441;16;0;46
448;16;1;15
454;16;1;52
457;16;1;61
462;16;1;11
470;16;1;73
1;17;0;62
6;17;1;96
22;17;0;63
37;17;1;47
40;17;1;94
44;17;1;40
48;17;1;14
49;17;1;28
56;17;1;0
69;17;0;85
70;17;0;78
75;17;1;97
81;17;0;31
84;17;1;64
86;17;1;48
87;17;1;49
89;17;0;86
94;17;1;1
97;17;1;4
101;17;1;90
102;17;0;87
113;17;0;55
125;17;0;91
127;17;1;29
128;17;1;5
134;17;1;98
144;17;1;41
154;17;1;79
157;17;1;22
158;17;0;16
160;17;0;74
163;17;1;34
172;17;0;88
174;17;0;80
183;17;0;81
185;17;1;42
195;17;1;53
198;17;1;99
199;17;1;6
201;17;1;69
203;17;1;2
217;17;0;17
222;17;1;24
232;17;1;18
239;17;0;92
242;17;1;82
243;17;1;23
250;17;1;19
256;17;1;75
257;17;1;20
261;17;1;21
262;17;1;12
266;17;1;25
268;17;1;26
270;17;1;7
272;17;1;43
273;17;1;8
279;17;1;13
280;17;1;70
281;17;1;37
284;17;1;44
286;17;1;65
290;17;1;95
293;17;0;76
298;17;1;38
299;17;0;56
303;17;1;27
304;17;1;39
308;17;0;93
312;17;1;3
321;17;1;32
324;17;1;57
330;17;0;77
332;17;0;83
333;17;1;35
336;17;1;30
341;17;0;58
344;17;1;54
346;17;1;66
355;17;1;45
359;17;1;67
362;17;1;9
388;17;1;50
392;17;1;51
397;17;1;71
401;17;1;59
409;17;0;60
411;17;1;68
414;17;1;84
418;17;1;36
421;17;1;72
430;17;1;10
435;17;0;89
438;17;1;33
441;17;0;46
448;17;1;15
454;17;1;52
457;17;1;61
462;17;1;11
470;17;1;73
1;18;0;62
6;18;1;96
22;18;0;63
37;18;1;47
40;18;1;94
44;18;1;40
48;18;1;14
49;18;1;28
56;18;1;0
69;18;1;85
70;18;0;78
75;18;1;97
81;18;0;31
84;18;1;64
86;18;1;48
87;18;1;49
89;18;1;86
94;18;1;1
97;18;1;4
101;18;1;90
102;18;0;87
113;18;0;55
125;18;1;91
127;18;1;29
128;18;1;5
134;18;1;98
144;18;1;41
154;18;1;79
157;18;1;22
158;18;0;16
160;18;0;74
163;18;1;34
172;18;0;88
174;18;0;80
183;18;0;81
185;18;1;42
195;18;1;53
198;18;1;99
199;18;1;6
201;18;1;69
203;18;1;2
217;18;0;17
222;18;1;24
232;18;1;18
239;18;0;92
242;18;1;82
243;18;1;23
250;18;1;19
256;18;1;75
257;18;1;20
261;18;1;21
262;18;1;12
266;18;1;25
268;18;1;26
270;18;1;7
272;18;1;43
273;18;1;8
279;18;1;13
280;18;1;70
281;18;1;37
284;18;1;44
286;18;1;65
290;18;1;95
293;18;0;76
298;18;1;38
299;18;0;56
303;18;1;27
304;18;1;39
308;18;0;93
312;18;1;3
321;18;1;32
324;18;1;57
330;18;0;77
332;18;0;83
333;18;1;35
336;18;1;30
341;18;0;58
344;18;1;54
346;18;1;66
355;18;1;45
359;18;1;67
362;18;1;9
388;18;1;50
392;18;1;51
397;18;1;71
401;18;1;59
409;18;0;60
411;18;1;68
414;18;1;84
418;18;1;36
421;18;1;72
430;18;1;10
435;18;0;89
438;18;1;33
441;18;0;46
448;18;1;15
454;18;1;52
457;18;1;61
462;18;1;11
470;18;1;73
1;19;0;62
6;19;1;96
22;19;0;63
37;19;1;47
40;19;1;94
44;19;1;40
48;19;1;14
49;19;1;28
56;19;1;0
69;19;1;85
70;19;0;78
75;19;1;97
81;19;0;31
84;19;1;64
86;19;1;48
87;19;1;49
89;19;1;86
94;19;1;1
97;19;1;4
101;19;1;90
102;19;1;87
113;19;0;55
125;19;1;91
127;19;1;29
128;19;1;5
134;19;1;98
144;19;1;41
154;19;1;79
157;19;1;22
158;19;0;16
160;19;0;74
163;19;1;34
172;19;0;88
174;19;0;80
183;19;0;81
185;19;1;42
195;19;1;53
198;19;1;99
199;19;1;6
201;19;1;69
203;19;1;2
217;19;0;17
222;19;1;24
232;19;1;18
239;19;1;92
242;19;1;82
243;19;1;23
250;19;1;19
256;19;1;75
257;19;1;20
261;19;1;21
262;19;1;12
266;19;1;25
268;19;1;26
270;19;1;7
272;19;1;43
273;19;1;8
279;19;1;13
280;19;1;70
281;19;1;37
284;19;1;44
286;19;1;65
290;19;1;95
293;19;0;76
298;19;1;38
299;19;0;56
303;19;1;27
304;19;1;39
308;19;1;93
312;19;1;3
321;19;1;32
324;19;1;57
330;19;0;77
332;19;0;83
333;19;1;35
336;19;1;30
341;19;0;58
344;19;1;54
346;19;1;66
355;19;1;45
359;19;1;67
362;19;1;9
388;19;1;50
392;19;1;51
397;19;1;71
401;19;1;59
409;19;0;60
411;19;1;68
414;19;1;84
418;19;1;36
421;19;1;72
430;19;1;10
435;19;1;89
438;19;1;33
441;19;0;46
448;19;1;15
454;19;1;52
457;19;1;61
462;19;1;11
470;19;1;73
1;20;0;62
6;20;1;96
22;20;0;63
37;20;1;47
40;20;1;94
44;20;1;40
48;20;1;14
49;20;1;28
56;20;1;0
69;20;1;85
70;20;0;78
75;20;1;97
81;20;0;31
84;20;1;64
86;20;1;48
87;20;1;49
89;20;1;86
94;20;1;1
97;20;1;4
101;20;1;90
102;20;0;87
113;20;0;55
125;20;1;91
127;20;1;29
128;20;1;5
134;20;1;98
144;20;1;41
154;20;1;79
157;20;1;22
158;20;0;16
160;20;0;74
163;20;1;34
172;20;0;88
174;20;0;80
183;20;0;81
185;20;1;42
195;20;1;53
198;20;1;99
199;20;1;6
201;20;1;69
203;20;1;2
217;20;0;17
222;20;1;24
232;20;1;18
239;20;1;92
242;20;1;82
243;20;1;23
250;20;1;19
256;20;1;75
257;20;1;20
261;20;1;21
262;20;1;12
266;20;1;25
268;20;1;26
270;20;1;7
272;20;1;43
273;20;1;8
279;20;1;13
280;20;1;70
281;20;1;37
284;20;1;44
286;20;1;65
290;20;1;95
293;20;0;76
298;20;1;38
299;20;0;56
303;20;1;27
304;20;1;39
308;20;0;93
312;20;1;3
321;20;1;32
324;20;1;57
330;20;0;77
332;20;0;83
333;20;1;35
336;20;1;30
341;20;0;58
344;20;1;54
346;20;1;66
355;20;1;45
359;20;1;67
362;20;1;9
388;20;1;50
392;20;1;51
397;20;1;71
401;20;1;59
409;20;0;60
411;20;1;68
414;20;1;84
418;20;1;36
421;20;1;72
430;20;1;10
435;20;1;89
438;20;1;33
441;20;0;46
448;20;1;15
454;20;1;52
457;20;1;61
462;20;1;11
470;20;1;73
1;21;0;62
6;21;1;96
22;21;0;63
37;21;1;47
40;21;1;94
44;21;1;40
48;21;1;14
49;21;1;28
56;21;1;0
69;21;1;85
70;21;0;78
75;21;1;97
81;21;0;31
84;21;1;64
86;21;1;48
87;21;1;49
89;21;1;86
94;21;1;1
97;21;1;4
101;21;1;90
102;21;0;87
113;21;0;55
125;21;1;91
127;21;1;29
128;21;1;5
134;21;1;98
144;21;1;41
154;21;1;79
157;21;1;22
158;21;0;16
160;21;0;74
163;21;1;34
172;21;0;88
174;21;0;80
183;21;0;81
185;21;1;42
195;21;1;53
198;21;1;99
199;21;1;6
201;21;1;69
203;21;1;2
217;21;0;17
222;21;1;24
232;21;1;18
239;21;0;92
242;21;1;82
243;21;1;23
250;21;1;19
256;21;1;75
257;21;1;20
261;21;1;21
262;21;1;12
266;21;1;25
268;21;1;26
270;21;1;7
272;21;1;43
273;21;1;8
279;21;1;13
280;21;1;70
281;21;1;37
284;21;1;44
286;21;1;65
290;21;1;95
293;21;0;76
298;21;1;38
299;21;0;56
303;21;1;27
304;21;1;39
308;21;0;93
312;21;1;3
321;21;1;32
324;21;1;57
330;21;0;77
332;21;0;83
333;21;1;35
336;21;1;30
341;21;0;58
344;21;1;54
346;21;1;66
355;21;1;45
359;21;1;67
362;21;1;9
388;21;1;50
392;21;1;51
397;21;1;71
401;21;1;59
409;21;0;60
411;21;1;68
414;21;1;84
418;21;1;36
421;21;1;72
430;21;1;10
435;21;0;89
438;21;1;33
441;21;0;46
448;21;1;15
454;21;1;52
457;21;1;61
462;21;1;11
470;21;1;73
1;22;0;62
6;22;1;96
22;22;0;63
37;22;1;47
40;22;1;94
44;22;1;40
48;22;1;14
49;22;1;28
56;22;1;0
69;22;1;85
70;22;0;78
75;22;1;97
81;22;0;31
84;22;1;64
86;22;1;48
87;22;1;49
89;22;1;86
94;22;1;1
97;22;1;4
101;22;1;90
102;22;0;87
113;22;0;55
125;22;1;91
127;22;1;29
128;22;1;5
134;22;1;98
144;22;1;41
154;22;1;79
157;22;1;22
158;22;0;16
160;22;0;74
163;22;1;34
172;22;0;88
174;22;0;80
183;22;0;81
185;22;1;42
195;22;1;53
198;22;1;99
199;22;1;6
201;22;1;69
203;22;1;2
217;22;0;17
222;22;1;24
232;22;1;18
239;22;0;92
242;22;1;82
243;22;0;23
250;22;1;19
256;22;1;75
257;22;0;20
261;22;1;21
262;22;1;12
266;22;1;25
268;22;1;26
270;22;1;7
272;22;1;43
273;22;1;8
279;22;1;13
280;22;1;70
281;22;1;37
284;22;1;44
286;22;1;65
290;22;1;95
293;22;0;76
298;22;1;38
299;22;0;56
303;22;1;27
304;22;1;39
308;22;0;93
312;22;1;3
321;22;1;32
324;22;1;57
330;22;0;77
332;22;0;83
333;22;1;35
336;22;1;30
341;22;0;58
344;22;1;54
346;22;1;66
355;22;1;45
359;22;1;67
362;22;1;9
388;22;1;50
392;22;1;51
397;22;1;71
401;22;1;59
409;22;0;60
411;22;1;68
414;22;1;84
418;22;1;36
421;22;1;72
430;22;1;10
435;22;0;89
438;22;1;33
441;22;0;46
448;22;1;15
454;22;1;52
457;22;1;61
462;22;1;11
470;22;1;73
1;23;0;62
6;23;1;96
22;23;0;63
37;23;1;47
40;23;1;94
44;23;1;40
48;23;1;14
49;23;1;28
56;23;1;0
69;23;1;85
70;23;0;78
75;23;1;97
81;23;0;31
84;23;1;64
86;23;1;48
87;23;1;49
89;23;1;86
94;23;1;1
97;23;1;4
101;23;1;90
102;23;0;87
113;23;0;55
125;23;1;91
127;23;1;29
128;23;1;5
134;23;1;98
144;23;1;41
154;23;1;79
157;23;1;22
158;23;0;16
160;23;0;74
163;23;1;34
172;23;0;88
174;23;0;80
183;23;0;81
185;23;1;42
195;23;1;53
198;23;1;99
199;23;1;6
201;23;1;69
203;23;1;2
217;23;0;17
222;23;1;24
232;23;1;18
239;23;0;92
242;23;1;82
243;23;0;23
250;23;1;19
256;23;1;75
257;23;0;20
261;23;1;21
262;23;1;12
266;23;1;25
268;23;1;26
270;23;1;7
272;23;1;43
273;23;1;8
279;23;1;13
280;23;1;70
281;23;1;37
284;23;1;44
286;23;1;65
290;23;1;95
293;23;0;76
298;23;1;38
299;23;0;56
303;23;1;27
304;23;1;39
308;23;0;93
312;23;1;3
321;23;1;32
324;23;1;57
330;23;0;77
332;23;0;83
333;23;1;35
336;23;1;30
341;23;0;58
344;23;1;54
346;23;1;66
355;23;1;45
359;23;1;67
362;23;1;9
388;23;1;50
392;23;1;51
397;23;1;71
401;23;1;59
409;23;0;60
411;23;1;68
414;23;1;84
418;23;1;36
421;23;1;72
430;23;1;10
435;23;0;89
438;23;1;33
441;23;0;46
448;23;1;15
454;23;1;52
457;23;1;61
462;23;1;11
470;23;1;73
1;24;0;62
6;24;1;96
22;24;0;63
37;24;1;47
40;24;1;94
44;24;1;40
48;24;1;14
49;24;1;28
56;24;1;0
69;24;1;85
70;24;0;78
75;24;1;97
81;24;0;31
84;24;1;64
86;24;1;48
87;24;1;49
89;24;1;86
94;24;1;1
97;24;1;4
101;24;1;90
102;24;0;87
113;24;0;55
125;24;1;91
127;24;1;29
128;24;1;5
134;24;1;98
144;24;1;41
154;24;1;79
157;24;1;22
158;24;0;16
160;24;0;74
163;24;1;34
172;24;0;88
174;24;0;80
183;24;0;81
185;24;1;42
195;24;1;53
198;24;1;99
199;24;1;6
201;24;1;69
203;24;1;2
217;24;0;17
222;24;1;24
232;24;1;18
239;24;1;92
242;24;1;82
243;24;1;23
250;24;1;19
256;24;1;75
257;24;1;20
261;24;1;21
262;24;1;12
266;24;1;25
268;24;1;26
270;24;1;7
272;24;1;43
273;24;1;8
279;24;1;13
280;24;1;70
281;24;1;37
284;24;1;44
286;24;1;65
290;24;1;95
293;24;0;76
298;24;1;38
299;24;0;56
303;24;1;27
304;24;1;39
308;24;0;93
312;24;1;3
321;24;1;32
324;24;1;57
330;24;0;77
332;24;0;83
333;24;1;35
336;24;1;30
341;24;0;58
344;24;1;54
346;24;1;66
355;24;1;45
359;24;1;67
362;24;1;9
388;24;1;50
392;24;1;51
397;24;1;71
401;24;1;59
409;24;0;60
411;24;1;68
414;24;1;84
418;24;1;36
421;24;1;72
430;24;1;10
435;24;1;89
438;24;1;33
441;24;0;46
448;24;1;15
454;24;1;52
457;24;1;61
462;24;1;11
470;24;1;73
1;25;0;62
6;25;1;96
22;25;0;63
37;25;1;47
40;25;1;94
44;25;1;40
48;25;1;14
49;25;1;28
56;25;1;0
69;25;1;85
70;25;0;78
75;25;1;97
81;25;0;31
84;25;1;64
86;25;1;48
87;25;1;49
89;25;1;86
94;25;1;1
97;25;1;4
101;25;1;90
102;25;0;87
113;25;0;55
125;25;1;91
127;25;1;29
128;25;1;5
134;25;1;98
144;25;1;41
154;25;1;79
157;25;1;22
158;25;0;16
160;25;0;74
163;25;1;34
172;25;0;88
174;25;0;80
183;25;0;81
185;25;1;42
195;25;1;53
198;25;1;99
199;25;1;6
201;25;1;69
203;25;1;2
217;25;0;17
222;25;1;24
232;25;1;18
239;25;0;92
242;25;1;82
243;25;1;23
250;25;1;19
256;25;1;75
257;25;1;20
261;25;1;21
262;25;1;12
266;25;1;25
268;25;1;26
270;25;1;7
272;25;1;43
273;25;1;8
279;25;1;13
280;25;1;70
281;25;1;37
284;25;1;44
286;25;1;65
290;25;1;95
293;25;0;76
298;25;1;38
299;25;0;56
303;25;1;27
304;25;1;39
308;25;0;93
312;25;1;3
321;25;1;32
324;25;1;57
330;25;0;77
332;25;0;83
333;25;1;35
336;25;1;30
341;25;0;58
344;25;1;54
346;25;1;66
355;25;1;45
359;25;1;67
362;25;1;9
388;25;1;50
392;25;1;51
397;25;1;71
401;25;1;59
409;25;0;60
411;25;1;68
414;25;1;84
418;25;1;36
421;25;1;72
430;25;1;10
435;25;0;89
438;25;1;33
441;25;0;46
448;25;1;15
454;25;1;52
457;25;1;61
462;25;1;11
470;25;1;73
1;26;0;62
6;26;1;96
22;26;0;63
37;26;1;47
40;26;1;94
44;26;1;40
48;26;1;14
49;26;1;28
56;26;1;0
69;26;1;85
70;26;0;78
75;26;1;97
81;26;0;31
84;26;1;64
86;26;1;48
87;26;1;49
89;26;1;86
94;26;1;1
97;26;1;4
101;26;1;90
102;26;0;87
113;26;0;55
125;26;1;91
127;26;1;29
128;26;1;5
134;26;1;98
144;26;1;41
154;26;1;79
157;26;1;22
158;26;0;16
160;26;0;74
163;26;1;34
172;26;0;88
174;26;0;80
183;26;0;81
185;26;1;42
195;26;1;53
198;26;1;99
199;26;1;6
201;26;1;69
203;26;1;2
217;26;0;17
222;26;1;24
232;26;1;18
239;26;0;92
242;26;1;82
243;26;0;23
250;26;1;19
256;26;1;75
257;26;0;20
261;26;1;21
262;26;1;12
266;26;1;25
268;26;1;26
270;26;1;7
272;26;1;43
273;26;1;8
279;26;1;13
280;26;1;70
281;26;1;37
284;26;1;44
286;26;1;65
290;26;1;95
293;26;0;76
298;26;1;38
299;26;0;56
303;26;1;27
304;26;1;39
308;26;0;93
312;26;1;3
321;26;1;32
324;26;1;57
330;26;0;77
332;26;0;83
333;26;1;35
336;26;1;30
341;26;0;58
344;26;1;54
346;26;1;66
355;26;1;45
359;26;1;67
362;26;1;9
388;26;1;50
392;26;1;51
397;26;1;71
401;26;1;59
409;26;0;60
411;26;1;68
414;26;1;84
418;26;1;36
421;26;1;72
430;26;1;10
435;26;0;89
438;26;1;33
441;26;0;46
448;26;1;15
454;26;1;52
457;26;1;61
462;26;1;11
470;26;1;73
1;27;0;62
6;27;1;96
22;27;0;63
37;27;1;47
40;27;1;94
44;27;1;40
48;27;1;14
49;27;1;28
56;27;1;0
69;27;1;85
70;27;0;78
75;27;1;97
81;27;0;31
84;27;1;64
86;27;1;48
87;27;1;49
89;27;1;86
94;27;1;1
97;27;1;4
101;27;1;90
102;27;0;87
113;27;0;55
125;27;1;91
127;27;1;29
128;27;1;5
134;27;1;98
144;27;1;41
154;27;1;79
157;27;1;22
158;27;0;16
160;27;0;74
163;27;1;34
172;27;0;88
174;27;0;80
183;27;0;81
185;27;1;42
195;27;1;53
198;27;1;99
199;27;1;6
201;27;1;69
203;27;1;2
217;27;0;17
222;27;1;24
232;27;1;18
239;27;1;92
242;27;1;82
243;27;1;23
250;27;1;19
256;27;1;75
257;27;1;20
261;27;1;21
262;27;1;12
266;27;1;25
268;27;1;26
270;27;1;7
272;27;1;43
273;27;1;8
279;27;1;13
280;27;1;70
281;27;1;37
284;27;1;44
286;27;1;65
290;27;1;95
293;27;0;76
298;27;1;38
299;27;0;56
303;27;1;27
304;27;1;39
308;27;0;93
312;27;1;3
321;27;1;32
324;27;1;57
330;27;0;77
332;27;0;83
333;27;1;35
336;27;1;30
341;27;0;58
344;27;1;54
346;27;1;66
355;27;1;45
359;27;1;67
362;27;1;9
388;27;1;50
392;27;1;51
397;27;1;71
401;27;1;59
409;27;0;60
411;27;1;68
414;27;1;84
418;27;1;36
421;27;1;72
430;27;1;10
435;27;1;89
438;27;1;33
441;27;0;46
448;27;1;15
454;27;1;52
457;27;1;61
462;27;1;11
470;27;1;73
1;28;0;62
6;28;1;96
22;28;0;63
37;28;1;47
40;28;1;94
44;28;1;40
48;28;1;14
49;28;1;28
56;28;1;0
69;28;1;85
70;28;0;78
75;28;1;97
81;28;0;31
84;28;1;64
86;28;1;48
87;28;1;49
89;28;1;86
94;28;1;1
97;28;1;4
101;28;1;90
102;28;0;87
113;28;0;55
125;28;1;91
127;28;1;29
128;28;1;5
134;28;1;98
144;28;1;41
154;28;1;79
157;28;1;22
158;28;0;16
160;28;0;74
163;28;1;34
172;28;0;88
174;28;0;80
183;28;0;81
185;28;1;42
195;28;1;53
198;28;1;99
199;28;1;6
201;28;1;69
203;28;1;2
217;28;0;17
222;28;1;24
232;28;1;18
239;28;1;92
242;28;1;82
243;28;1;23
250;28;1;19
256;28;1;75
257;28;1;20
261;28;1;21
262;28;1;12
266;28;1;25
268;28;1;26
270;28;1;7
272;28;1;43
273;28;1;8
279;28;1;13
280;28;1;70
281;28;1;37
284;28;1;44
286;28;1;65
290;28;1;95
293;28;0;76
298;28;1;38
299;28;0;56
303;28;1;27
304;28;1;39
308;28;0;93
312;28;1;3
321;28;1;32
324;28;1;57
330;28;0;77
332;28;0;83
333;28;1;35
336;28;1;30
341;28;0;58
344;28;1;54
346;28;1;66
355;28;1;45
359;28;1;67
362;28;1;9
388;28;1;50
392;28;1;51
397;28;1;71
401;28;1;59
409;28;0;60
411;28;1;68
414;28;1;84
418;28;1;36
421;28;1;72
430;28;1;10
435;28;1;89
438;28;1;33
441;28;0;46
448;28;1;15
454;28;1;52
457;28;1;61
462;28;1;11
470;28;1;73
1;29;0;62
6;29;1;96
22;29;0;63
37;29;1;47
40;29;1;94
44;29;1;40
48;29;1;14
49;29;1;28
56;29;1;0
69;29;1;85
70;29;0;78
75;29;1;97
81;29;0;31
84;29;1;64
86;29;1;48
87;29;1;49
89;29;1;86
94;29;1;1
97;29;1;4
101;29;1;90
102;29;0;87
113;29;0;55
125;29;1;91
127;29;1;29
128;29;1;5
134;29;1;98
144;29;1;41
154;29;1;79
157;29;1;22
158;29;0;16
160;29;0;74
163;29;1;34
172;29;0;88
174;29;0;80
183;29;0;81
185;29;1;42
195;29;1;53
198;29;1;99
199;29;1;6
201;29;1;69
203;29;1;2
217;29;0;17
222;29;1;24
232;29;1;18
239;29;0;92
242;29;1;82
243;29;1;23
250;29;1;19
256;29;1;75
257;29;1;20
261;29;1;21
262;29;1;12
266;29;1;25
268;29;1;26
270;29;1;7
272;29;1;43
273;29;1;8
279;29;1;13
280;29;1;70
281;29;1;37
284;29;1;44
286;29;1;65
290;29;1;95
293;29;0;76
298;29;1;38
299;29;0;56
303;29;1;27
304;29;1;39
308;29;0;93
312;29;1;3
321;29;1;32
324;29;1;57
330;29;0;77
332;29;0;83
333;29;1;35
336;29;1;30
341;29;0;58
344;29;1;54
346;29;1;66
355;29;1;45
359;29;1;67
362;29;1;9
388;29;1;50
392;29;1;51
397;29;1;71
401;29;1;59
409;29;0;60
411;29;1;68
414;29;1;84
418;29;1;36
421;29;1;72
430;29;1;10
435;29;0;89
438;29;1;33
441;29;0;46
448;29;1;15
454;29;1;52
457;29;1;61
462;29;1;11
470;29;1;73
1;30;0;62
6;30;1;96
22;30;0;63
37;30;1;47
40;30;1;94
44;30;1;40
48;30;1;14
49;30;1;28
56;30;1;0
69;30;1;85
70;30;0;78
75;30;1;97
81;30;0;31
84;30;1;64
86;30;1;48
87;30;1;49
89;30;1;86
94;30;1;1
97;30;1;4
101;30;1;90
102;30;0;87
113;30;0;55
125;30;1;91
127;30;1;29
128;30;1;5
134;30;1;98
144;30;1;41
154;30;1;79
157;30;1;22
158;30;0;16
160;30;0;74
163;30;1;34
172;30;0;88
174;30;0;80
183;30;0;81
185;30;1;42
195;30;1;53
198;30;1;99
199;30;1;6
201;30;1;69
203;30;1;2
217;30;0;17
222;30;1;24
232;30;1;18
239;30;1;92
242;30;1;82
243;30;0;23
250;30;1;19
256;30;1;75
257;30;0;20
261;30;1;21
262;30;1;12
266;30;1;25
268;30;1;26
270;30;1;7
272;30;1;43
273;30;1;8
279;30;1;13
280;30;1;70
281;30;1;37
284;30;1;44
286;30;1;65
290;30;1;95
293;30;0;76
298;30;1;38
299;30;0;56
303;30;1;27
304;30;1;39
308;30;0;93
312;30;1;3
321;30;1;32
324;30;1;57
330;30;0;77
332;30;0;83
333;30;1;35
336;30;1;30
341;30;0;58
344;30;1;54
346;30;1;66
355;30;1;45
359;30;1;67
362;30;1;9
388;30;1;50
392;30;1;51
397;30;1;71
401;30;1;59
409;30;0;60
411;30;1;68
414;30;1;84
418;30;1;36
421;30;1;72
430;30;1;10
435;30;1;89
438;30;1;33
441;30;0;46
448;30;1;15
454;30;1;52
457;30;1;61
462;30;1;11
470;30;1;73
1;31;0;62
6;31;1;96
22;31;0;63
37;31;1;47
40;31;1;94
44;31;1;40
48;31;1;14
49;31;1;28
56;31;1;0
69;31;1;85
70;31;0;78
75;31;1;97
81;31;0;31
84;31;1;64
86;31;1;48
87;31;1;49
89;31;1;86
94;31;1;1
97;31;1;4
101;31;1;90
102;31;0;87
113;31;0;55
125;31;1;91
127;31;1;29
128;31;1;5
134;31;1;98
144;31;1;41
154;31;1;79
157;31;1;22
158;31;0;16
160;31;0;74
163;31;1;34
172;31;0;88
174;31;0;80
183;31;0;81
185;31;1;42
195;31;1;53
198;31;1;99
199;31;1;6
201;31;1;69
203;31;1;2
217;31;0;17
222;31;1;24
232;31;1;18
239;31;1;92
242;31;1;82
243;31;1;23
250;31;1;19
256;31;1;75
257;31;1;20
261;31;1;21
262;31;1;12
266;31;1;25
268;31;1;26
270;31;1;7
272;31;1;43
273;31;1;8
279;31;1;13
280;31;1;70
281;31;1;37
284;31;1;44
286;31;1;65
290;31;1;95
293;31;0;76
298;31;1;38
299;31;0;56
303;31;1;27
304;31;1;39
308;31;0;93
312;31;1;3
321;31;1;32
324;31;1;57
330;31;0;77
332;31;0;83
333;31;1;35
336;31;1;30
341;31;0;58
344;31;1;54
346;31;1;66
355;31;1;45
359;31;1;67
362;31;1;9
388;31;1;50
392;31;1;51
397;31;1;71
401;31;1;59
409;31;0;60
411;31;1;68
414;31;1;84
418;31;1;36
421;31;1;72
430;31;1;10
435;31;1;89
438;31;1;33
441;31;0;46
448;31;1;15
454;31;1;52
457;31;1;61
462;31;1;11
470;31;1;73
1;32;0;62
6;32;1;96
22;32;0;63
37;32;1;47
40;32;1;94
44;32;1;40
48;32;1;14
49;32;1;28
56;32;1;0
69;32;1;85
70;32;0;78
75;32;1;97
81;32;0;31
84;32;1;64
86;32;1;48
87;32;1;49
89;32;1;86
94;32;1;1
97;32;1;4
101;32;1;90
102;32;0;87
113;32;0;55
125;32;1;91
127;32;1;29
128;32;1;5
134;32;1;98
144;32;1;41
154;32;1;79
157;32;1;22
158;32;0;16
160;32;0;74
163;32;1;34
172;32;0;88
174;32;0;80
183;32;0;81
185;32;1;42
195;32;1;53
198;32;1;99
199;32;1;6
201;32;1;69
203;32;1;2
217;32;0;17
222;32;1;24
232;32;1;18
239;32;0;92
242;32;1;82
243;32;0;23
250;32;1;19
256;32;1;75
257;32;0;20
261;32;1;21
262;32;1;12
266;32;1;25
268;32;1;26
270;32;1;7
272;32;1;43
273;32;1;8
279;32;1;13
280;32;1;70
281;32;1;37
284;32;1;44
286;32;1;65
290;32;1;95
293;32;0;76
298;32;1;38
299;32;0;56
303;32;1;27
304;32;1;39
308;32;0;93
312;32;1;3
321;32;1;32
324;32;1;57
330;32;0;77
332;32;0;83
333;32;1;35
336;32;1;30
341;32;0;58
344;32;1;54
346;32;1;66
355;32;1;45
359;32;1;67
362;32;1;9
388;32;1;50
392;32;1;51
397;32;1;71
401;32;1;59
409;32;0;60
411;32;1;68
414;32;1;84
418;32;1;36
421;32;1;72
430;32;1;10
435;32;0;89
438;32;1;33
441;32;0;46
448;32;1;15
454;32;1;52
457;32;1;61
462;32;1;11
470;32;1;73
1;33;0;62
6;33;1;96
22;33;0;63
37;33;1;47
40;33;1;94
44;33;1;40
48;33;1;14
49;33;1;28
56;33;1;0
69;33;1;85
70;33;0;78
75;33;1;97
81;33;0;31
84;33;1;64
86;33;1;48
87;33;1;49
89;33;1;86
94;33;1;1
97;33;1;4
101;33;1;90
102;33;0;87
113;33;0;55
125;33;1;91
127;33;1;29
128;33;1;5
134;33;1;98
144;33;1;41
154;33;1;79
157;33;1;22
158;33;0;16
160;33;0;74
163;33;1;34
172;33;0;88
174;33;0;80
183;33;0;81
185;33;1;42
195;33;1;53
198;33;1;99
199;33;1;6
201;33;1;69
203;33;1;2
217;33;0;17
222;33;1;24
232;33;1;18
239;33;0;92
242;33;1;82
243;33;1;23
250;33;1;19
256;33;1;75
257;33;1;20
261;33;1;21
262;33;1;12
266;33;1;25
268;33;1;26
270;33;1;7
272;33;1;43
273;33;1;8
279;33;1;13
280;33;1;70
281;33;1;37
284;33;1;44
286;33;1;65
290;33;1;95
293;33;0;76
298;33;1;38
299;33;0;56
303;33;1;27
304;33;1;39
308;33;0;93
312;33;1;3
321;33;1;32
324;33;1;57
330;33;0;77
332;33;0;83
333;33;1;35
336;33;1;30
341;33;0;58
344;33;1;54
346;33;1;66
355;33;1;45
359;33;1;67
362;33;1;9
388;33;1;50
392;33;1;51
397;33;1;71
401;33;1;59
409;33;0;60
411;33;1;68
414;33;1;84
418;33;1;36
421;33;1;72
430;33;1;10
435;33;0;89
438;33;1;33
441;33;0;46
448;33;1;15
454;33;1;52
457;33;1;61
462;33;1;11
470;33;1;73
1;34;0;62
6;34;1;96
22;34;0;63
37;34;1;47
40;34;1;94
44;34;1;40
48;34;1;14
49;34;1;28
56;34;1;0
69;34;1;85
70;34;0;78
75;34;1;97
81;34;0;31
84;34;1;64
86;34;1;48
87;34;1;49
89;34;1;86
94;34;1;1
97;34;1;4
101;34;1;90
102;34;0;87
113;34;0;55
125;34;1;91
127;34;1;29
128;34;1;5
134;34;1;98
144;34;1;41
154;34;1;79
157;34;1;22
158;34;0;16
160;34;0;74
163;34;1;34
172;34;0;88
174;34;0;80
183;34;0;81
185;34;1;42
195;34;1;53
198;34;1;99
199;34;1;6
201;34;1;69
203;34;1;2
217;34;0;17
222;34;1;24
232;34;1;18
239;34;0;92
242;34;1;82
243;34;1;23
250;34;1;19
256;34;1;75
257;34;1;20
261;34;1;21
262;34;1;12
266;34;1;25
268;34;1;26
270;34;1;7
272;34;1;43
273;34;1;8
279;34;1;13
280;34;1;70
281;34;1;37
284;34;1;44
286;34;1;65
290;34;1;95
293;34;0;76
298;34;1;38
299;34;0;56
303;34;1;27
304;34;1;39
308;34;0;93
312;34;1;3
321;34;1;32
324;34;1;57
330;34;0;77
332;34;0;83
333;34;1;35
336;34;1;30
341;34;0;58
344;34;1;54
346;34;1;66
355;34;1;45
359;34;1;67
362;34;1;9
388;34;1;50
392;34;1;51
397;34;1;71
401;34;1;59
409;34;0;60
411;34;1;68
414;34;1;84
418;34;1;36
421;34;1;72
430;34;1;10
435;34;0;89
438;34;1;33
441;34;0;46
448;34;1;15
454;34;1;52
457;34;1;61
462;34;1;11
470;34;1;73
1;35;0;62
6;35;1;96
22;35;0;63
37;35;1;47
40;35;1;94
44;35;1;40
48;35;1;14
49;35;1;28
56;35;1;0
69;35;1;85
70;35;0;78
75;35;1;97
81;35;0;31
84;35;1;64
86;35;1;48
87;35;1;49
89;35;1;86
94;35;1;1
97;35;1;4
101;35;1;90
102;35;0;87
113;35;0;55
125;35;1;91
127;35;1;29
128;35;1;5
134;35;1;98
144;35;1;41
154;35;1;79
157;35;1;22
158;35;0;16
160;35;0;74
163;35;1;34
172;35;0;88
174;35;0;80
183;35;0;81
185;35;1;42
195;35;1;53
198;35;1;99
199;35;1;6
201;35;1;69
203;35;1;2
217;35;0;17
222;35;1;24
232;35;1;18
239;35;1;92
242;35;1;82
243;35;1;23
250;35;1;19
256;35;1;75
257;35;1;20
261;35;1;21
262;35;1;12
266;35;1;25
268;35;1;26
270;35;1;7
272;35;1;43
273;35;1;8
279;35;1;13
280;35;1;70
281;35;1;37
284;35;1;44
286;35;1;65
290;35;1;95
293;35;0;76
298;35;1;38
299;35;0;56
303;35;1;27
304;35;1;39
308;35;0;93
312;35;1;3
321;35;1;32
324;35;1;57
330;35;0;77
332;35;0;83
333;35;1;35
336;35;1;30
341;35;0;58
344;35;1;54
346;35;1;66
355;35;1;45
359;35;1;67
362;35;1;9
388;35;1;50
392;35;1;51
397;35;1;71
401;35;1;59
409;35;0;60
411;35;1;68
414;35;1;84
418;35;1;36
421;35;1;72
430;35;1;10
435;35;1;89
438;35;1;33
441;35;0;46
448;35;1;15
454;35;1;52
457;35;1;61
462;35;1;11
470;35;1;73
1;36;0;62
6;36;1;96
22;36;0;63
37;36;1;47
40;36;1;94
44;36;1;40
48;36;1;14
49;36;1;28
56;36;1;0
69;36;1;85
70;36;0;78
75;36;1;97
81;36;0;31
84;36;1;64
86;36;1;48
87;36;1;49
89;36;1;86
94;36;1;1
97;36;1;4
101;36;1;90
102;36;0;87
113;36;0;55
125;36;1;91
127;36;1;29
128;36;1;5
134;36;1;98
144;36;1;41
154;36;1;79
157;36;1;22
158;36;0;16
160;36;0;74
163;36;1;34
172;36;0;88
174;36;0;80
183;36;0;81
185;36;1;42
195;36;1;53
198;36;1;99
199;36;1;6
201;36;1;69
203;36;1;2
217;36;0;17
222;36;1;24
232;36;1;18
239;36;0;92
242;36;1;82
243;36;1;23
250;36;1;19
256;36;1;75
257;36;1;20
261;36;1;21
262;36;1;12
266;36;1;25
268;36;1;26
270;36;1;7
272;36;1;43
273;36;1;8
279;36;1;13
280;36;1;70
281;36;1;37
284;36;1;44
286;36;1;65
290;36;1;95
293;36;0;76
298;36;1;38
299;36;0;56
303;36;1;27
304;36;1;39
308;36;0;93
312;36;1;3
321;36;1;32
324;36;1;57
330;36;0;77
332;36;0;83
333;36;1;35
336;36;1;30
341;36;0;58
344;36;1;54
346;36;1;66
355;36;1;45
359;36;1;67
362;36;1;9
388;36;1;50
392;36;1;51
397;36;1;71
401;36;1;59
409;36;0;60
411;36;1;68
414;36;1;84
418;36;1;36
421;36;1;72
430;36;1;10
435;36;0;89
438;36;1;33
441;36;0;46
448;36;1;15
454;36;1;52
457;36;1;61
462;36;1;11
470;36;1;73
1;37;0;62
6;37;1;96
22;37;0;63
37;37;1;47
40;37;1;94
44;37;1;40
48;37;1;14
49;37;1;28
56;37;1;0
69;37;1;85
70;37;0;78
75;37;1;97
81;37;0;31
84;37;1;64
86;37;1;48
87;37;1;49
89;37;1;86
94;37;1;1
97;37;1;4
101;37;1;90
102;37;0;87
113;37;0;55
125;37;1;91
127;37;1;29
128;37;1;5
134;37;1;98
144;37;1;41
154;37;1;79
157;37;1;22
158;37;0;16
160;37;0;74
163;37;1;34
172;37;0;88
174;37;0;80
183;37;0;81
185;37;1;42
195;37;1;53
198;37;1;99
199;37;1;6
201;37;1;69
203;37;1;2
217;37;0;17
222;37;1;24
232;37;1;18
239;37;0;92
242;37;1;82
243;37;1;23
250;37;1;19
256;37;1;75
257;37;1;20
261;37;1;21
262;37;1;12
266;37;1;25
268;37;1;26
270;37;1;7
272;37;1;43
273;37;1;8
279;37;1;13
280;37;1;70
281;37;1;37
284;37;1;44
286;37;1;65
290;37;1;95
293;37;0;76
298;37;1;38
299;37;0;56
303;37;1;27
304;37;1;39
308;37;0;93
312;37;1;3
321;37;1;32
324;37;1;57
330;37;0;77
332;37;0;83
333;37;1;35
336;37;1;30
341;37;0;58
344;37;1;54
346;37;1;66
355;37;1;45
359;37;1;67
362;37;1;9
388;37;1;50
392;37;1;51
397;37;1;71
401;37;1;59
409;37;0;60
411;37;1;68
414;37;1;84
418;37;1;36
421;37;1;72
430;37;1;10
435;37;0;89
438;37;1;33
441;37;0;46
448;37;1;15
454;37;1;52
457;37;1;61
462;37;1;11
470;37;1;73
1;38;0;62
6;38;1;96
22;38;0;63
37;38;1;47
40;38;1;94
44;38;1;40
48;38;1;14
49;38;1;28
56;38;1;0
69;38;1;85
70;38;0;78
75;38;1;97
81;38;0;31
84;38;1;64
86;38;1;48
87;38;1;49
89;38;1;86
94;38;1;1
97;38;1;4
101;38;1;90
102;38;0;87
113;38;0;55
125;38;1;91
127;38;1;29
128;38;1;5
134;38;1;98
144;38;1;41
154;38;1;79
157;38;1;22
158;38;0;16
160;38;0;74
163;38;1;34
172;38;0;88
174;38;0;80
183;38;0;81
185;38;1;42
195;38;1;53
198;38;1;99
199;38;1;6
201;38;1;69
203;38;1;2
217;38;0;17
222;38;1;24
232;38;1;18
239;38;0;92
242;38;1;82
243;38;1;23
250;38;1;19
256;38;1;75
257;38;1;20
261;38;1;21
262;38;1;12
266;38;1;25
268;38;1;26
270;38;1;7
272;38;1;43
273;38;1;8
279;38;1;13
280;38;1;70
281;38;1;37
284;38;1;44
286;38;1;65
290;38;1;95
293;38;0;76
298;38;1;38
299;38;0;56
303;38;1;27
304;38;1;39
308;38;0;93
312;38;1;3
321;38;1;32
324;38;1;57
330;38;0;77
332;38;0;83
333;38;1;35
336;38;1;30
341;38;0;58
344;38;1;54
346;38;1;66
355;38;1;45
359;38;1;67
362;38;1;9
388;38;1;50
392;38;1;51
397;38;1;71
401;38;1;59
409;38;0;60
411;38;1;68
414;38;1;84
418;38;1;36
421;38;1;72
430;38;1;10
435;38;0;89
438;38;1;33
441;38;0;46
448;38;1;15
454;38;1;52
457;38;1;61
462;38;1;11
470;38;1;73
1;39;0;62
6;39;1;96
22;39;0;63
37;39;1;47
40;39;1;94
44;39;1;40
48;39;1;14
49;39;1;28
56;39;1;0
69;39;1;85
70;39;0;78
75;39;1;97
81;39;0;31
84;39;1;64
86;39;1;48
87;39;1;49
89;39;1;86
94;39;1;1
97;39;1;4
101;39;1;90
102;39;0;87
113;39;0;55
125;39;1;91
127;39;1;29
128;39;1;5
134;39;1;98
144;39;1;41
154;39;1;79
157;39;1;22
158;39;0;16
160;39;0;74
163;39;1;34
172;39;0;88
174;39;0;80
183;39;0;81
185;39;1;42
195;39;1;53
198;39;1;99
199;39;1;6
201;39;1;69
203;39;1;2
217;39;0;17
222;39;1;24
232;39;1;18
239;39;0;92
242;39;1;82
243;39;0;23
250;39;1;19
256;39;1;75
257;39;0;20
261;39;1;21
262;39;1;12
266;39;1;25
268;39;1;26
270;39;1;7
272;39;1;43
273;39;1;8
279;39;1;13
280;39;1;70
281;39;1;37
284;39;1;44
286;39;1;65
290;39;1;95
293;39;0;76
298;39;1;38
299;39;0;56
303;39;1;27
304;39;1;39
308;39;0;93
312;39;1;3
321;39;1;32
324;39;1;57
330;39;0;77
332;39;0;83
333;39;1;35
336;39;1;30
341;39;0;58
344;39;1;54
346;39;1;66
355;39;1;45
359;39;1;67
362;39;1;9
388;39;1;50
392;39;1;51
397;39;1;71
401;39;1;59
409;39;0;60
411;39;1;68
414;39;1;84
418;39;1;36
421;39;1;72
430;39;1;10
435;39;0;89
438;39;1;33
441;39;0;46
448;39;1;15
454;39;1;52
457;39;1;61
462;39;1;11
470;39;1;73
1;40;0;62
6;40;1;96
22;40;0;63
37;40;1;47
40;40;1;94
44;40;1;40
48;40;1;14
49;40;1;28
56;40;1;0
69;40;1;85
70;40;0;78
75;40;1;97
81;40;0;31
84;40;1;64
86;40;1;48
87;40;1;49
89;40;1;86
94;40;1;1
97;40;1;4
101;40;1;90
102;40;0;87
113;40;0;55
125;40;1;91
127;40;1;29
128;40;1;5
134;40;1;98
144;40;1;41
154;40;1;79
157;40;1;22
158;40;0;16
160;40;0;74
163;40;1;34
172;40;0;88
174;40;0;80
183;40;0;81
185;40;1;42
195;40;1;53
198;40;1;99
199;40;1;6
201;40;1;69
203;40;1;2
217;40;0;17
222;40;1;24
232;40;1;18
239;40;1;92
242;40;1;82
243;40;0;23
250;40;1;19
256;40;1;75
257;40;0;20
261;40;1;21
262;40;1;12
266;40;1;25
268;40;1;26
270;40;1;7
272;40;1;43
273;40;1;8
279;40;1;13
280;40;1;70
281;40;1;37
284;40;1;44
286;40;1;65
290;40;1;95
293;40;0;76
298;40;1;38
299;40;0;56
303;40;1;27
304;40;1;39
308;40;0;93
312;40;1;3
321;40;1;32
324;40;1;57
330;40;0;77
332;40;0;83
333;40;1;35
336;40;1;30
341;40;0;58
344;40;1;54
346;40;1;66
355;40;1;45
359;40;1;67
362;40;1;9
388;40;1;50
392;40;1;51
397;40;1;71
401;40;1;59
409;40;0;60
411;40;1;68
414;40;1;84
418;40;1;36
421;40;1;72
430;40;1;10
435;40;1;89
438;40;1;33
441;40;0;46
448;40;1;15
454;40;1;52
457;40;1;61
462;40;1;11
470;40;1;73
1;41;0;62
6;41;1;96
22;41;0;63
37;41;1;47
40;41;1;94
44;41;1;40
48;41;1;14
49;41;1;28
56;41;1;0
69;41;1;85
70;41;0;78
75;41;1;97
81;41;0;31
84;41;1;64
86;41;1;48
87;41;1;49
89;41;1;86
94;41;1;1
97;41;1;4
101;41;1;90
102;41;0;87
113;41;0;55
125;41;1;91
127;41;1;29
128;41;1;5
134;41;1;98
144;41;1;41
154;41;1;79
157;41;1;22
158;41;0;16
160;41;0;74
163;41;1;34
172;41;0;88
174;41;0;80
183;41;0;81
185;41;1;42
195;41;1;53
198;41;1;99
199;41;1;6
201;41;1;69
203;41;1;2
217;41;0;17
222;41;1;24
232;41;1;18
239;41;1;92
242;41;1;82
243;41;1;23
250;41;1;19
256;41;1;75
257;41;1;20
261;41;1;21
262;41;1;12
266;41;1;25
268;41;1;26
270;41;1;7
272;41;1;43
273;41;1;8
279;41;1;13
280;41;1;70
281;41;1;37
284;41;1;44
286;41;1;65
290;41;1;95
293;41;0;76
298;41;1;38
299;41;0;56
303;41;1;27
304;41;1;39
308;41;0;93
312;41;1;3
321;41;1;32
324;41;1;57
330;41;0;77
332;41;0;83
333;41;1;35
336;41;1;30
341;41;0;58
344;41;1;54
346;41;1;66
355;41;1;45
359;41;1;67
362;41;1;9
388;41;1;50
392;41;1;51
397;41;1;71
401;41;1;59
409;41;0;60
411;41;1;68
414;41;1;84
418;41;1;36
421;41;1;72
430;41;1;10
435;41;1;89
438;41;1;33
441;41;0;46
448;41;1;15
454;41;1;52
457;41;1;61
462;41;1;11
470;41;1;73
1;42;0;62
6;42;1;96
22;42;0;63
37;42;0;47
40;42;1;94
44;42;0;40
48;42;1;14
49;42;1;28
56;42;1;0
69;42;0;85
70;42;0;78
75;42;1;97
81;42;0;31
84;42;1;64
86;42;1;48
87;42;0;49
89;42;0;86
94;42;1;1
97;42;1;4
101;42;1;90
102;42;0;87
113;42;0;55
125;42;0;91
127;42;1;29
128;42;1;5
134;42;1;98
144;42;0;41
154;42;1;79
157;42;1;22
158;42;0;16
160;42;0;74
163;42;1;34
172;42;0;88
174;42;0;80
183;42;0;81
185;42;1;42
195;42;1;53
198;42;1;99
199;42;1;6
201;42;1;69
203;42;1;2
217;42;0;17
222;42;1;24
232;42;1;18
239;42;0;92
242;42;1;82
243;42;1;23
250;42;1;19
256;42;1;75
257;42;1;20
261;42;1;21
262;42;1;12
266;42;1;25
268;42;1;26
270;42;1;7
272;42;0;43
273;42;1;8
279;42;1;13
280;42;1;70
281;42;1;37
284;42;0;44
286;42;1;65
290;42;1;95
293;42;0;76
298;42;1;38
299;42;0;56
303;42;1;27
304;42;1;39
308;42;0;93
312;42;1;3
321;42;1;32
324;42;1;57
330;42;0;77
332;42;0;83
333;42;1;35
336;42;1;30
341;42;0;58
344;42;1;54
346;42;1;66
355;42;0;45
359;42;1;67
362;42;1;9
388;42;0;50
392;42;0;51
397;42;1;71
401;42;1;59
409;42;0;60
411;42;1;68
414;42;1;84
418;42;1;36
421;42;1;72
430;42;1;10
435;42;0;89
438;42;1;33
441;42;0;46
448;42;1;15
454;42;0;52
457;42;1;61
462;42;1;11
470;42;1;73
1;43;0;62
6;43;1;96
22;43;0;63
37;43;1;47
40;43;1;94
44;43;1;40
48;43;1;14
49;43;1;28
56;43;1;0
69;43;1;85
70;43;0;78
75;43;1;97
81;43;0;31
84;43;1;64
86;43;1;48
87;43;1;49
89;43;1;86
94;43;1;1
97;43;1;4
101;43;1;90
102;43;0;87
113;43;0;55
125;43;1;91
127;43;1;29
128;43;1;5
134;43;1;98
144;43;1;41
154;43;1;79
157;43;1;22
158;43;0;16
160;43;0;74
163;43;1;34
172;43;0;88
174;43;0;80
183;43;0;81
185;43;1;42
195;43;1;53
198;43;1;99
199;43;1;6
201;43;1;69
203;43;1;2
217;43;0;17
222;43;1;24
232;43;1;18
239;43;0;92
242;43;1;82
243;43;0;23
250;43;1;19
256;43;1;75
257;43;0;20
261;43;1;21
262;43;1;12
266;43;1;25
268;43;1;26
270;43;1;7
272;43;1;43
273;43;1;8
279;43;1;13
280;43;1;70
281;43;1;37
284;43;1;44
286;43;1;65
290;43;1;95
293;43;0;76
298;43;1;38
299;43;0;56
303;43;1;27
304;43;1;39
308;43;0;93
312;43;1;3
321;43;1;32
324;43;1;57
330;43;0;77
332;43;0;83
333;43;1;35
336;43;1;30
341;43;0;58
344;43;1;54
346;43;1;66
355;43;1;45
359;43;1;67
362;43;1;9
388;43;1;50
392;43;1;51
397;43;1;71
401;43;1;59
409;43;0;60
411;43;1;68
414;43;1;84
418;43;1;36
421;43;1;72
430;43;1;10
435;43;0;89
438;43;1;33
441;43;0;46
448;43;1;15
454;43;1;52
457;43;1;61
462;43;1;11
470;43;1;73
1;44;0;62
6;44;1;96
22;44;0;63
37;44;1;47
40;44;1;94
44;44;1;40
48;44;1;14
49;44;1;28
56;44;1;0
69;44;1;85
70;44;0;78
75;44;1;97
81;44;0;31
84;44;1;64
86;44;1;48
87;44;1;49
89;44;1;86
94;44;1;1
97;44;1;4
101;44;1;90
102;44;0;87
113;44;0;55
125;44;1;91
127;44;1;29
128;44;1;5
134;44;1;98
144;44;1;41
154;44;1;79
157;44;1;22
158;44;0;16
160;44;0;74
163;44;1;34
172;44;0;88
174;44;0;80
183;44;0;81
185;44;1;42
195;44;1;53
198;44;1;99
199;44;1;6
201;44;1;69
203;44;1;2
217;44;0;17
222;44;1;24
232;44;1;18
239;44;1;92
242;44;1;82
243;44;1;23
250;44;1;19
256;44;1;75
257;44;1;20
261;44;1;21
262;44;1;12
266;44;1;25
268;44;1;26
270;44;1;7
272;44;1;43
273;44;1;8
279;44;1;13
280;44;1;70
281;44;1;37
284;44;1;44
286;44;1;65
290;44;1;95
293;44;0;76
298;44;1;38
299;44;0;56
303;44;1;27
304;44;1;39
308;44;0;93
312;44;1;3
321;44;1;32
324;44;1;57
330;44;0;77
332;44;0;83
333;44;1;35
336;44;1;30
341;44;0;58
344;44;1;54
346;44;1;66
355;44;1;45
359;44;1;67
362;44;1;9
388;44;1;50
392;44;1;51
397;44;1;71
401;44;1;59
409;44;0;60
411;44;1;68
414;44;1;84
418;44;1;36
421;44;1;72
430;44;1;10
435;44;1;89
438;44;1;33
441;44;0;46
448;44;1;15
454;44;1;52
457;44;1;61
462;44;1;11
470;44;1;73
1;45;0;62
6;45;1;96
22;45;0;63
37;45;0;47
40;45;1;94
44;45;0;40
48;45;1;14
49;45;1;28
56;45;1;0
69;45;0;85
70;45;0;78
75;45;1;97
81;45;0;31
84;45;1;64
86;45;1;48
87;45;1;49
89;45;0;86
94;45;1;1
97;45;1;4
101;45;1;90
102;45;0;87
113;45;0;55
125;45;0;91
127;45;1;29
128;45;1;5
134;45;1;98
144;45;1;41
154;45;1;79
157;45;1;22
158;45;0;16
160;45;0;74
163;45;1;34
172;45;0;88
174;45;0;80
183;45;0;81
185;45;1;42
195;45;1;53
198;45;1;99
199;45;1;6
201;45;1;69
203;45;1;2
217;45;0;17
222;45;1;24
232;45;1;18
239;45;0;92
242;45;1;82
243;45;1;23
250;45;1;19
256;45;1;75
257;45;1;20
261;45;1;21
262;45;1;12
266;45;1;25
268;45;1;26
270;45;1;7
272;45;0;43
273;45;1;8
279;45;1;13
280;45;1;70
281;45;1;37
284;45;1;44
286;45;1;65
290;45;1;95
293;45;0;76
298;45;1;38
299;45;0;56
303;45;1;27
304;45;1;39
308;45;0;93
312;45;1;3
321;45;1;32
324;45;1;57
330;45;0;77
332;45;0;83
333;45;1;35
336;45;1;30
341;45;0;58
344;45;1;54
346;45;1;66
355;45;1;45
359;45;1;67
362;45;1;9
388;45;1;50
392;45;0;51
397;45;1;71
401;45;1;59
409;45;0;60
411;45;1;68
414;45;1;84
418;45;1;36
421;45;1;72
430;45;1;10
435;45;0;89
438;45;1;33
441;45;0;46
448;45;1;15
454;45;0;52
457;45;1;61
462;45;1;11
470;45;1;73
1;46;0;62
6;46;1;96
22;46;0;63
37;46;1;47
40;46;1;94
44;46;1;40
48;46;1;14
49;46;1;28
56;46;1;0
69;46;1;85
70;46;0;78
75;46;1;97
81;46;0;31
84;46;1;64
86;46;1;48
87;46;1;49
89;46;1;86
94;46;1;1
97;46;1;4
101;46;1;90
102;46;0;87
113;46;0;55
125;46;1;91
127;46;1;29
128;46;1;5
134;46;1;98
144;46;1;41
154;46;1;79
157;46;1;22
158;46;0;16
160;46;0;74
163;46;1;34
172;46;0;88
174;46;0;80
183;46;0;81
185;46;1;42
195;46;1;53
198;46;1;99
199;46;1;6
201;46;1;69
203;46;1;2
217;46;0;17
222;46;1;24
232;46;1;18
239;46;0;92
242;46;1;82
243;46;0;23
250;46;1;19
256;46;1;75
257;46;0;20
261;46;1;21
262;46;1;12
266;46;1;25
268;46;1;26
270;46;1;7
272;46;1;43
273;46;1;8
279;46;1;13
280;46;1;70
281;46;1;37
284;46;1;44
286;46;1;65
290;46;1;95
293;46;0;76
298;46;1;38
299;46;0;56
303;46;1;27
304;46;1;39
308;46;0;93
312;46;1;3
321;46;1;32
324;46;1;57
330;46;0;77
332;46;0;83
333;46;1;35
336;46;1;30
341;46;0;58
344;46;1;54
346;46;1;66
355;46;1;45
359;46;1;67
362;46;1;9
388;46;1;50
392;46;1;51
397;46;1;71
401;46;1;59
409;46;0;60
411;46;1;68
414;46;1;84
418;46;1;36
421;46;1;72
430;46;1;10
435;46;0;89
438;46;1;33
441;46;0;46
448;46;1;15
454;46;1;52
457;46;1;61
462;46;1;11
470;46;1;73
1;47;0;62
6;47;1;96
22;47;0;63
37;47;1;47
40;47;1;94
44;47;1;40
48;47;1;14
49;47;1;28
56;47;1;0
69;47;1;85
70;47;0;78
75;47;1;97
81;47;0;31
84;47;1;64
86;47;1;48
87;47;1;49
89;47;1;86
94;47;1;1
97;47;1;4
101;47;1;90
102;47;0;87
113;47;0;55
125;47;1;91
127;47;1;29
128;47;1;5
134;47;1;98
144;47;1;41
154;47;1;79
157;47;1;22
158;47;0;16
160;47;0;74
163;47;1;34
172;47;0;88
174;47;0;80
183;47;0;81
185;47;1;42
195;47;1;53
198;47;1;99
199;47;1;6
201;47;1;69
203;47;1;2
217;47;0;17
222;47;1;24
232;47;1;18
239;47;0;92
242;47;1;82
243;47;1;23
250;47;1;19
256;47;1;75
257;47;1;20
261;47;1;21
262;47;1;12
266;47;1;25
268;47;1;26
270;47;1;7
272;47;1;43
273;47;1;8
279;47;1;13
280;47;1;70
281;47;1;37
284;47;1;44
286;47;1;65
290;47;1;95
293;47;0;76
298;47;1;38
299;47;0;56
303;47;1;27
304;47;1;39
308;47;0;93
312;47;1;3
321;47;1;32
324;47;1;57
330;47;0;77
332;47;0;83
333;47;1;35
336;47;1;30
341;47;0;58
344;47;1;54
346;47;1;66
355;47;1;45
359;47;1;67
362;47;1;9
388;47;1;50
392;47;1;51
397;47;1;71
401;47;1;59
409;47;0;60
411;47;1;68
414;47;1;84
418;47;1;36
421;47;1;72
430;47;1;10
435;47;0;89
438;47;1;33
441;47;0;46
448;47;1;15
454;47;1;52
457;47;1;61
462;47;1;11
470;47;1;73
1;48;0;62
6;48;1;96
22;48;0;63
37;48;1;47
40;48;1;94
44;48;1;40
48;48;1;14
49;48;1;28
56;48;1;0
69;48;1;85
70;48;0;78
75;48;1;97
81;48;0;31
84;48;1;64
86;48;1;48
87;48;1;49
89;48;1;86
94;48;1;1
97;48;1;4
101;48;1;90
102;48;0;87
113;48;0;55
125;48;1;91
127;48;1;29
128;48;1;5
134;48;1;98
144;48;1;41
154;48;1;79
157;48;1;22
158;48;0;16
160;48;0;74
163;48;1;34
172;48;0;88
174;48;0;80
183;48;0;81
185;48;1;42
195;48;1;53
198;48;1;99
199;48;1;6
201;48;1;69
203;48;1;2
217;48;0;17
222;48;1;24
232;48;1;18
239;48;0;92
242;48;1;82
243;48;0;23
250;48;1;19
256;48;1;75
257;48;0;20
261;48;1;21
262;48;1;12
266;48;1;25
268;48;1;26
270;48;1;7
272;48;1;43
273;48;1;8
279;48;1;13
280;48;1;70
281;48;1;37
284;48;1;44
286;48;1;65
290;48;1;95
293;48;0;76
298;48;1;38
299;48;0;56
303;48;1;27
304;48;1;39
308;48;0;93
312;48;1;3
321;48;1;32
324;48;1;57
330;48;0;77
332;48;0;83
333;48;1;35
336;48;1;30
341;48;0;58
344;48;1;54
346;48;1;66
355;48;1;45
359;48;1;67
362;48;1;9
388;48;1;50
392;48;1;51
397;48;1;71
401;48;1;59
409;48;0;60
411;48;1;68
414;48;1;84
418;48;1;36
421;48;1;72
430;48;1;10
435;48;0;89
438;48;1;33
441;48;0;46
448;48;1;15
454;48;1;52
457;48;1;61
462;48;1;11
470;48;1;73
1;49;0;62
6;49;1;96
22;49;0;63
37;49;1;47
40;49;1;94
44;49;1;40
48;49;1;14
49;49;1;28
56;49;1;0
69;49;1;85
70;49;0;78
75;49;1;97
81;49;0;31
84;49;1;64
86;49;1;48
87;49;1;49
89;49;1;86
94;49;1;1
97;49;1;4
101;49;1;90
102;49;0;87
113;49;0;55
125;49;1;91
127;49;1;29
128;49;1;5
134;49;1;98
144;49;1;41
154;49;1;79
157;49;1;22
158;49;0;16
160;49;0;74
163;49;1;34
172;49;0;88
174;49;0;80
183;49;0;81
185;49;1;42
195;49;1;53
198;49;1;99
199;49;1;6
201;49;1;69
203;49;1;2
217;49;0;17
222;49;1;24
232;49;1;18
239;49;0;92
242;49;1;82
243;49;0;23
250;49;1;19
256;49;1;75
257;49;0;20
261;49;1;21
262;49;1;12
266;49;1;25
268;49;1;26
270;49;1;7
272;49;1;43
273;49;1;8
279;49;1;13
280;49;1;70
281;49;1;37
284;49;1;44
286;49;1;65
290;49;1;95
293;49;0;76
298;49;1;38
299;49;0;56
303;49;1;27
304;49;1;39
308;49;0;93
312;49;1;3
321;49;1;32
324;49;1;57
330;49;0;77
332;49;0;83
333;49;1;35
336;49;1;30
341;49;0;58
344;49;1;54
346;49;1;66
355;49;1;45
359;49;1;67
362;49;1;9
388;49;1;50
392;49;1;51
397;49;1;71
401;49;1;59
409;49;0;60
411;49;1;68
414;49;1;84
418;49;1;36
421;49;1;72
430;49;1;10
435;49;0;89
438;49;1;33
441;49;0;46
448;49;1;15
454;49;1;52
457;49;1;61
462;49;1;11
470;49;1;73
1;50;0;62
6;50;1;96
22;50;0;63
37;50;1;47
40;50;1;94
44;50;1;40
48;50;1;14
49;50;1;28
56;50;1;0
69;50;1;85
70;50;0;78
75;50;1;97
81;50;0;31
84;50;1;64
86;50;1;48
87;50;1;49
89;50;1;86
94;50;1;1
97;50;1;4
101;50;1;90
102;50;0;87
113;50;0;55
125;50;1;91
127;50;1;29
128;50;1;5
134;50;1;98
144;50;1;41
154;50;1;79
157;50;1;22
158;50;0;16
160;50;0;74
163;50;1;34
172;50;0;88
174;50;0;80
183;50;0;81
185;50;1;42
195;50;1;53
198;50;1;99
199;50;1;6
201;50;1;69
203;50;1;2
217;50;0;17
222;50;1;24
232;50;1;18
239;50;0;92
242;50;1;82
243;50;0;23
250;50;1;19
256;50;1;75
257;50;0;20
261;50;1;21
262;50;1;12
266;50;1;25
268;50;1;26
270;50;1;7
272;50;1;43
273;50;1;8
279;50;1;13
280;50;1;70
281;50;1;37
284;50;1;44
286;50;1;65
290;50;1;95
293;50;0;76
298;50;1;38
299;50;0;56
303;50;1;27
304;50;1;39
308;50;0;93
312;50;1;3
321;50;1;32
324;50;1;57
330;50;0;77
332;50;0;83
333;50;1;35
336;50;1;30
341;50;0;58
344;50;1;54
346;50;1;66
355;50;1;45
359;50;1;67
362;50;1;9
388;50;1;50
392;50;1;51
397;50;1;71
401;50;1;59
409;50;0;60
411;50;1;68
414;50;1;84
418;50;1;36
421;50;1;72
430;50;1;10
435;50;0;89
438;50;1;33
441;50;0;46
448;50;1;15
454;50;1;52
457;50;1;61
462;50;1;11
470;50;1;73
1;51;0;62
6;51;1;96
22;51;0;63
37;51;1;47
40;51;1;94
44;51;1;40
48;51;1;14
49;51;1;28
56;51;1;0
69;51;1;85
70;51;0;78
75;51;1;97
81;51;0;31
84;51;1;64
86;51;1;48
87;51;1;49
89;51;1;86
94;51;1;1
97;51;1;4
101;51;1;90
102;51;0;87
113;51;0;55
125;51;1;91
127;51;1;29
128;51;1;5
134;51;1;98
144;51;1;41
154;51;1;79
157;51;1;22
158;51;0;16
160;51;0;74
163;51;1;34
172;51;0;88
174;51;0;80
183;51;0;81
185;51;1;42
195;51;1;53
198;51;1;99
199;51;1;6
201;51;1;69
203;51;1;2
217;51;0;17
222;51;1;24
232;51;1;18
239;51;1;92
242;51;1;82
243;51;1;23
250;51;1;19
256;51;1;75
257;51;1;20
261;51;1;21
262;51;1;12
266;51;1;25
268;51;1;26
270;51;1;7
272;51;1;43
273;51;1;8
279;51;1;13
280;51;1;70
281;51;1;37
284;51;1;44
286;51;1;65
290;51;1;95
293;51;0;76
298;51;1;38
299;51;0;56
303;51;1;27
304;51;1;39
308;51;0;93
312;51;1;3
321;51;1;32
324;51;1;57
330;51;0;77
332;51;0;83
333;51;1;35
336;51;1;30
341;51;0;58
344;51;1;54
346;51;1;66
355;51;1;45
359;51;1;67
362;51;1;9
388;51;1;50
392;51;1;51
397;51;1;71
401;51;1;59
409;51;0;60
411;51;1;68
414;51;1;84
418;51;1;36
421;51;1;72
430;51;1;10
435;51;1;89
438;51;1;33
441;51;0;46
448;51;1;15
454;51;1;52
457;51;1;61
462;51;1;11
470;51;1;73
1;52;0;62
6;52;1;96
22;52;0;63
37;52;1;47
40;52;1;94
44;52;1;40
48;52;1;14
49;52;1;28
56;52;1;0
69;52;1;85
70;52;0;78
75;52;1;97
81;52;0;31
84;52;1;64
86;52;1;48
87;52;1;49
89;52;1;86
94;52;1;1
97;52;1;4
101;52;1;90
102;52;0;87
113;52;0;55
125;52;1;91
127;52;1;29
128;52;1;5
134;52;1;98
144;52;1;41
154;52;1;79
157;52;1;22
158;52;0;16
160;52;0;74
163;52;1;34
172;52;0;88
174;52;0;80
183;52;0;81
185;52;1;42
195;52;1;53
198;52;1;99
199;52;1;6
201;52;1;69
203;52;1;2
217;52;0;17
222;52;1;24
232;52;1;18
239;52;0;92
242;52;1;82
243;52;0;23
250;52;1;19
256;52;1;75
257;52;0;20
261;52;1;21
262;52;1;12
266;52;1;25
268;52;1;26
270;52;1;7
272;52;1;43
273;52;1;8
279;52;1;13
280;52;1;70
281;52;1;37
284;52;1;44
286;52;1;65
290;52;1;95
293;52;0;76
298;52;1;38
299;52;0;56
303;52;1;27
304;52;1;39
308;52;0;93
312;52;1;3
321;52;1;32
324;52;1;57
330;52;0;77
332;52;0;83
333;52;1;35
336;52;1;30
341;52;0;58
344;52;1;54
346;52;1;66
355;52;1;45
359;52;1;67
362;52;1;9
388;52;1;50
392;52;1;51
397;52;1;71
401;52;1;59
409;52;0;60
411;52;1;68
414;52;1;84
418;52;1;36
421;52;1;72
430;52;1;10
435;52;0;89
438;52;1;33
441;52;0;46
448;52;1;15
454;52;1;52
457;52;1;61
462;52;1;11
470;52;1;73
1;53;0;62
6;53;1;96
22;53;0;63
37;53;1;47
40;53;1;94
44;53;1;40
48;53;1;14
49;53;1;28
56;53;1;0
69;53;1;85
70;53;0;78
75;53;1;97
81;53;0;31
84;53;1;64
86;53;1;48
87;53;1;49
89;53;1;86
94;53;1;1
97;53;1;4
101;53;1;90
102;53;0;87
113;53;0;55
125;53;1;91
127;53;1;29
128;53;1;5
134;53;1;98
144;53;1;41
154;53;1;79
157;53;1;22
158;53;0;16
160;53;0;74
163;53;1;34
172;53;0;88
174;53;0;80
183;53;0;81
185;53;1;42
195;53;1;53
198;53;1;99
199;53;1;6
201;53;1;69
203;53;1;2
217;53;0;17
222;53;1;24
232;53;1;18
239;53;1;92
242;53;1;82
243;53;0;23
250;53;1;19
256;53;1;75
257;53;0;20
261;53;1;21
262;53;1;12
266;53;1;25
268;53;1;26
270;53;1;7
272;53;1;43
273;53;1;8
279;53;1;13
280;53;1;70
281;53;1;37
284;53;1;44
286;53;1;65
290;53;1;95
293;53;0;76
298;53;1;38
299;53;0;56
303;53;1;27
304;53;1;39
308;53;0;93
312;53;1;3
321;53;1;32
324;53;1;57
330;53;0;77
332;53;0;83
333;53;1;35
336;53;1;30
341;53;0;58
344;53;1;54
346;53;1;66
355;53;1;45
359;53;1;67
362;53;1;9
388;53;1;50
392;53;1;51
397;53;1;71
401;53;1;59
409;53;0;60
411;53;1;68
414;53;1;84
418;53;1;36
421;53;1;72
430;53;1;10
435;53;1;89
438;53;1;33
441;53;0;46
448;53;1;15
454;53;1;52
457;53;1;61
462;53;1;11
470;53;1;73
1;54;0;62
6;54;1;96
22;54;0;63
37;54;1;47
40;54;1;94
44;54;1;40
48;54;1;14
49;54;1;28
56;54;1;0
69;54;1;85
70;54;0;78
75;54;1;97
81;54;0;31
84;54;1;64
86;54;1;48
87;54;1;49
89;54;1;86
94;54;1;1
97;54;1;4
101;54;1;90
102;54;0;87
113;54;0;55
125;54;1;91
127;54;1;29
128;54;1;5
134;54;1;98
144;54;1;41
154;54;1;79
157;54;1;22
158;54;0;16
160;54;0;74
163;54;1;34
172;54;0;88
174;54;0;80
183;54;0;81
185;54;1;42
195;54;1;53
198;54;1;99
199;54;1;6
201;54;1;69
203;54;1;2
217;54;0;17
222;54;1;24
232;54;1;18
239;54;0;92
242;54;1;82
243;54;0;23
250;54;1;19
256;54;1;75
257;54;0;20
261;54;1;21
262;54;1;12
266;54;1;25
268;54;1;26
270;54;1;7
272;54;1;43
273;54;1;8
279;54;1;13
280;54;1;70
281;54;1;37
284;54;1;44
286;54;1;65
290;54;1;95
293;54;0;76
298;54;1;38
299;54;0;56
303;54;1;27
304;54;1;39
308;54;0;93
312;54;1;3
321;54;1;32
324;54;1;57
330;54;0;77
332;54;0;83
333;54;1;35
336;54;1;30
341;54;0;58
344;54;1;54
346;54;1;66
355;54;1;45
359;54;1;67
362;54;1;9
388;54;1;50
392;54;1;51
397;54;1;71
401;54;1;59
409;54;0;60
411;54;1;68
414;54;1;84
418;54;1;36
421;54;1;72
430;54;1;10
435;54;0;89
438;54;1;33
441;54;0;46
448;54;1;15
454;54;1;52
457;54;1;61
462;54;1;11
470;54;1;73
1;55;0;62
6;55;1;96
22;55;0;63
37;55;1;47
40;55;1;94
44;55;1;40
48;55;1;14
49;55;1;28
56;55;1;0
69;55;1;85
70;55;0;78
75;55;1;97
81;55;0;31
84;55;1;64
86;55;1;48
87;55;1;49
89;55;1;86
94;55;1;1
97;55;1;4
101;55;1;90
102;55;0;87
113;55;0;55
125;55;1;91
127;55;1;29
128;55;1;5
134;55;1;98
144;55;1;41
154;55;1;79
157;55;1;22
158;55;0;16
160;55;0;74
163;55;1;34
172;55;0;88
174;55;0;80
183;55;0;81
185;55;1;42
195;55;1;53
198;55;1;99
199;55;1;6
201;55;1;69
203;55;1;2
217;55;0;17
222;55;1;24
232;55;1;18
239;55;0;92
242;55;1;82
243;55;0;23
250;55;1;19
256;55;1;75
257;55;0;20
261;55;1;21
262;55;1;12
266;55;1;25
268;55;1;26
270;55;1;7
272;55;1;43
273;55;1;8
279;55;1;13
280;55;1;70
281;55;1;37
284;55;1;44
286;55;1;65
290;55;1;95
293;55;0;76
298;55;1;38
299;55;0;56
303;55;1;27
304;55;1;39
308;55;0;93
312;55;1;3
321;55;1;32
324;55;1;57
330;55;0;77
332;55;0;83
333;55;1;35
336;55;1;30
341;55;0;58
344;55;1;54
346;55;1;66
355;55;1;45
359;55;1;67
362;55;1;9
388;55;1;50
392;55;1;51
397;55;1;71
401;55;1;59
409;55;0;60
411;55;1;68
414;55;1;84
418;55;1;36
421;55;1;72
430;55;1;10
435;55;0;89
438;55;1;33
441;55;0;46
448;55;1;15
454;55;1;52
457;55;1;61
462;55;1;11
470;55;1;73
1;56;0;62
6;56;1;96
22;56;0;63
37;56;1;47
40;56;1;94
44;56;1;40
48;56;1;14
49;56;1;28
56;56;1;0
69;56;1;85
70;56;0;78
75;56;1;97
81;56;0;31
84;56;1;64
86;56;1;48
87;56;1;49
89;56;1;86
94;56;1;1
97;56;1;4
101;56;1;90
102;56;0;87
113;56;0;55
125;56;1;91
127;56;1;29
128;56;1;5
134;56;1;98
144;56;1;41
154;56;1;79
157;56;1;22
158;56;0;16
160;56;0;74
163;56;1;34
172;56;0;88
174;56;0;80
183;56;0;81
185;56;1;42
195;56;1;53
198;56;1;99
199;56;1;6
201;56;1;69
203;56;1;2
217;56;0;17
222;56;1;24
232;56;1;18
239;56;0;92
242;56;1;82
243;56;0;23
250;56;1;19
256;56;1;75
257;56;0;20
261;56;1;21
262;56;1;12
266;56;1;25
268;56;1;26
270;56;1;7
272;56;1;43
273;56;1;8
279;56;1;13
280;56;1;70
281;56;1;37
284;56;1;44
286;56;1;65
290;56;1;95
293;56;0;76
298;56;1;38
299;56;0;56
303;56;1;27
304;56;1;39
308;56;0;93
312;56;1;3
321;56;1;32
324;56;1;57
330;56;0;77
332;56;0;83
333;56;1;35
336;56;1;30
341;56;0;58
344;56;1;54
346;56;1;66
355;56;1;45
359;56;1;67
362;56;1;9
388;56;1;50
392;56;1;51
397;56;1;71
401;56;1;59
409;56;0;60
411;56;1;68
414;56;1;84
418;56;1;36
421;56;1;72
430;56;1;10
435;56;0;89
438;56;1;33
441;56;0;46
448;56;1;15
454;56;1;52
457;56;1;61
462;56;1;11
470;56;1;73
1;57;0;62
6;57;1;96
22;57;0;63
37;57;0;47
40;57;1;94
44;57;0;40
48;57;1;14
49;57;1;28
56;57;1;0
69;57;0;85
70;57;0;78
75;57;1;97
81;57;0;31
84;57;1;64
86;57;1;48
87;57;1;49
89;57;0;86
94;57;1;1
97;57;1;4
101;57;1;90
102;57;0;87
113;57;0;55
125;57;0;91
127;57;1;29
128;57;1;5
134;57;1;98
144;57;1;41
154;57;0;79
157;57;1;22
158;57;0;16
160;57;0;74
163;57;1;34
172;57;0;88
174;57;0;80
183;57;0;81
185;57;1;42
195;57;0;53
198;57;1;99
199;57;1;6
201;57;1;69
203;57;1;2
217;57;0;17
222;57;1;24
232;57;1;18
239;57;0;92
242;57;1;82
243;57;1;23
250;57;1;19
256;57;1;75
257;57;1;20
261;57;1;21
262;57;1;12
266;57;1;25
268;57;1;26
270;57;1;7
272;57;0;43
273;57;1;8
279;57;1;13
280;57;1;70
281;57;1;37
284;57;1;44
286;57;0;65
290;57;1;95
293;57;0;76
298;57;1;38
299;57;0;56
303;57;1;27
304;57;1;39
308;57;0;93
312;57;1;3
321;57;1;32
324;57;0;57
330;57;0;77
332;57;0;83
333;57;1;35
336;57;1;30
341;57;0;58
344;57;1;54
346;57;1;66
355;57;1;45
359;57;1;67
362;57;1;9
388;57;1;50
392;57;0;51
397;57;1;71
401;57;1;59
409;57;0;60
411;57;1;68
414;57;0;84
418;57;1;36
421;57;1;72
430;57;1;10
435;57;0;89
438;57;1;33
441;57;0;46
448;57;1;15
454;57;0;52
457;57;0;61
462;57;1;11
470;57;1;73
1;58;0;62
6;58;1;96
22;58;0;63
37;58;1;47
40;58;1;94
44;58;1;40
48;58;1;14
49;58;1;28
56;58;1;0
69;58;1;85
70;58;0;78
75;58;1;97
81;58;0;31
84;58;1;64
86;58;1;48
87;58;1;49
89;58;1;86
94;58;1;1
97;58;1;4
101;58;1;90
102;58;0;87
113;58;0;55
125;58;1;91
127;58;1;29
128;58;1;5
134;58;1;98
144;58;1;41
154;58;1;79
157;58;1;22
158;58;0;16
160;58;0;74
163;58;1;34
172;58;0;88
174;58;0;80
183;58;0;81
185;58;1;42
195;58;1;53
198;58;1;99
199;58;1;6
201;58;1;69
203;58;1;2
217;58;0;17
222;58;1;24
232;58;1;18
239;58;1;92
242;58;1;82
243;58;1;23
250;58;1;19
256;58;1;75
257;58;1;20
261;58;1;21
262;58;1;12
266;58;1;25
268;58;1;26
270;58;1;7
272;58;1;43
273;58;1;8
279;58;1;13
280;58;1;70
281;58;1;37
284;58;1;44
286;58;1;65
290;58;1;95
293;58;0;76
298;58;1;38
299;58;0;56
303;58;1;27
304;58;1;39
308;58;0;93
312;58;1;3
321;58;1;32
324;58;1;57
330;58;0;77
332;58;0;83
333;58;1;35
336;58;1;30
341;58;0;58
344;58;1;54
346;58;1;66
355;58;1;45
359;58;1;67
362;58;1;9
388;58;1;50
392;58;1;51
397;58;1;71
401;58;1;59
409;58;0;60
411;58;1;68
414;58;1;84
418;58;1;36
421;58;1;72
430;58;1;10
435;58;1;89
438;58;1;33
441;58;0;46
448;58;1;15
454;58;1;52
457;58;1;61
462;58;1;11
470;58;1;73
1;59;0;62
6;59;1;96
22;59;0;63
37;59;0;47
40;59;1;94
44;59;0;40
48;59;0;14
49;59;1;28
56;59;0;0
69;59;0;85
70;59;0;78
75;59;1;97
81;59;0;31
84;59;1;64
86;59;1;48
87;59;1;49
89;59;0;86
94;59;1;1
97;59;1;4
101;59;1;90
102;59;0;87
113;59;0;55
125;59;0;91
127;59;1;29
128;59;1;5
134;59;1;98
144;59;1;41
154;59;1;79
157;59;1;22
158;59;0;16
160;59;0;74
163;59;0;34
172;59;0;88
174;59;0;80
183;59;0;81
185;59;1;42
195;59;1;53
198;59;1;99
199;59;1;6
201;59;1;69
203;59;1;2
217;59;0;17
222;59;1;24
232;59;0;18
239;59;0;92
242;59;0;82
243;59;0;23
250;59;1;19
256;59;1;75
257;59;0;20
261;59;0;21
262;59;1;12
266;59;1;25
268;59;1;26
270;59;1;7
272;59;0;43
273;59;1;8
279;59;1;13
280;59;1;70
281;59;1;37
284;59;1;44
286;59;1;65
290;59;1;95
293;59;0;76
298;59;0;38
299;59;0;56
303;59;1;27
304;59;1;39
308;59;0;93
312;59;1;3
321;59;1;32
324;59;1;57
330;59;0;77
332;59;0;83
333;59;1;35
336;59;1;30
341;59;0;58
344;59;0;54
346;59;1;66
355;59;1;45
359;59;0;67
362;59;1;9
388;59;1;50
392;59;0;51
397;59;1;71
401;59;0;59
409;59;0;60
411;59;0;68
414;59;1;84
418;59;0;36
421;59;1;72
430;59;1;10
435;59;0;89
438;59;1;33
441;59;0;46
448;59;1;15
454;59;0;52
457;59;1;61
462;59;1;11
470;59;1;73
1;60;0;62
6;60;1;96
22;60;0;63
37;60;1;47
40;60;1;94
44;60;1;40
48;60;1;14
49;60;1;28
56;60;1;0
69;60;1;85
70;60;0;78
75;60;1;97
81;60;0;31
84;60;1;64
86;60;1;48
87;60;1;49
89;60;1;86
94;60;1;1
97;60;1;4
101;60;1;90
102;60;0;87
113;60;0;55
125;60;1;91
127;60;1;29
128;60;1;5
134;60;1;98
144;60;1;41
154;60;1;79
157;60;1;22
158;60;0;16
160;60;0;74
163;60;1;34
172;60;0;88
174;60;0;80
183;60;0;81
185;60;1;42
195;60;1;53
198;60;1;99
199;60;1;6
201;60;1;69
203;60;1;2
217;60;0;17
222;60;1;24
232;60;1;18
239;60;1;92
242;60;1;82
243;60;0;23
250;60;1;19
256;60;1;75
257;60;0;20
261;60;1;21
262;60;1;12
266;60;1;25
268;60;1;26
270;60;1;7
272;60;1;43
273;60;1;8
279;60;1;13
280;60;1;70
281;60;1;37
284;60;1;44
286;60;1;65
290;60;1;95
293;60;0;76
298;60;1;38
299;60;0;56
303;60;1;27
304;60;1;39
308;60;0;93
312;60;1;3
321;60;1;32
324;60;1;57
330;60;0;77
332;60;0;83
333;60;1;35
336;60;1;30
341;60;0;58
344;60;1;54
346;60;1;66
355;60;1;45
359;60;1;67
362;60;1;9
388;60;1;50
392;60;1;51
397;60;1;71
401;60;1;59
409;60;0;60
411;60;1;68
414;60;1;84
418;60;1;36
421;60;1;72
430;60;1;10
435;60;1;89
438;60;1;33
441;60;0;46
448;60;1;15
454;60;1;52
457;60;1;61
462;60;1;11
470;60;1;73
1;61;0;62
6;61;1;96
22;61;0;63
37;61;1;47
40;61;1;94
44;61;1;40
48;61;1;14
49;61;1;28
56;61;1;0
69;61;1;85
70;61;0;78
75;61;1;97
81;61;0;31
84;61;1;64
86;61;1;48
87;61;1;49
89;61;1;86
94;61;1;1
97;61;1;4
101;61;1;90
102;61;0;87
113;61;0;55
125;61;1;91
127;61;1;29
128;61;1;5
134;61;1;98
144;61;1;41
154;61;1;79
157;61;1;22
158;61;0;16
160;61;0;74
163;61;1;34
172;61;0;88
174;61;0;80
183;61;0;81
185;61;1;42
195;61;1;53
198;61;1;99
199;61;1;6
201;61;1;69
203;61;1;2
217;61;0;17
222;61;1;24
232;61;1;18
239;61;1;92
242;61;1;82
243;61;1;23
250;61;1;19
256;61;1;75
257;61;1;20
261;61;1;21
262;61;1;12
266;61;1;25
268;61;1;26
270;61;1;7
272;61;1;43
273;61;1;8
279;61;1;13
280;61;1;70
281;61;1;37
284;61;1;44
286;61;1;65
290;61;1;95
293;61;0;76
298;61;1;38
299;61;0;56
303;61;1;27
304;61;1;39
308;61;0;93
312;61;1;3
321;61;1;32
324;61;1;57
330;61;0;77
332;61;0;83
333;61;1;35
336;61;1;30
341;61;0;58
344;61;1;54
346;61;1;66
355;61;1;45
359;61;1;67
362;61;1;9
388;61;1;50
392;61;1;51
397;61;1;71
401;61;1;59
409;61;0;60
411;61;1;68
414;61;1;84
418;61;1;36
421;61;1;72
430;61;1;10
435;61;1;89
438;61;1;33
441;61;0;46
448;61;1;15
454;61;1;52
457;61;1;61
462;61;1;11
470;61;1;73
1;62;0;62
6;62;1;96
22;62;0;63
37;62;1;47
40;62;1;94
44;62;1;40
48;62;1;14
49;62;1;28
56;62;1;0
69;62;1;85
70;62;0;78
75;62;1;97
81;62;0;31
84;62;1;64
86;62;1;48
87;62;1;49
89;62;1;86
94;62;1;1
97;62;1;4
101;62;1;90
102;62;0;87
113;62;0;55
125;62;1;91
127;62;1;29
128;62;1;5
134;62;1;98
144;62;1;41
154;62;1;79
157;62;1;22
158;62;0;16
160;62;0;74
163;62;1;34
172;62;0;88
174;62;0;80
183;62;0;81
185;62;1;42
195;62;1;53
198;62;1;99
199;62;1;6
201;62;1;69
203;62;1;2
217;62;0;17
222;62;1;24
232;62;1;18
239;62;1;92
242;62;1;82
243;62;1;23
250;62;1;19
256;62;1;75
257;62;1;20
261;62;1;21
262;62;1;12
266;62;1;25
268;62;1;26
270;62;1;7
272;62;1;43
273;62;1;8
279;62;1;13
280;62;1;70
281;62;1;37
284;62;1;44
286;62;1;65
290;62;1;95
293;62;0;76
298;62;1;38
299;62;0;56
303;62;1;27
304;62;1;39
308;62;0;93
312;62;1;3
321;62;1;32
324;62;1;57
330;62;0;77
332;62;0;83
333;62;1;35
336;62;1;30
341;62;0;58
344;62;1;54
346;62;1;66
355;62;1;45
359;62;1;67
362;62;1;9
388;62;1;50
392;62;1;51
397;62;1;71
401;62;1;59
409;62;0;60
411;62;1;68
414;62;1;84
418;62;1;36
421;62;1;72
430;62;1;10
435;62;1;89
438;62;1;33
441;62;0;46
448;62;1;15
454;62;1;52
457;62;1;61
462;62;1;11
470;62;1;73
1;63;0;62
6;63;1;96
22;63;0;63
37;63;1;47
40;63;1;94
44;63;1;40
48;63;1;14
49;63;1;28
56;63;1;0
69;63;1;85
70;63;0;78
75;63;1;97
81;63;0;31
84;63;1;64
86;63;1;48
87;63;1;49
89;63;1;86
94;63;1;1
97;63;1;4
101;63;1;90
102;63;0;87
113;63;0;55
125;63;1;91
127;63;1;29
128;63;1;5
134;63;1;98
144;63;1;41
154;63;1;79
157;63;1;22
158;63;0;16
160;63;0;74
163;63;1;34
172;63;0;88
174;63;0;80
183;63;0;81
185;63;1;42
195;63;1;53
198;63;1;99
199;63;1;6
201;63;1;69
203;63;1;2
217;63;0;17
222;63;1;24
232;63;1;18
239;63;0;92
242;63;1;82
243;63;1;23
250;63;1;19
256;63;1;75
257;63;1;20
261;63;1;21
262;63;1;12
266;63;1;25
268;63;1;26
270;63;1;7
272;63;1;43
273;63;1;8
279;63;1;13
280;63;1;70
281;63;1;37
284;63;1;44
286;63;1;65
290;63;1;95
293;63;0;76
298;63;1;38
299;63;0;56
303;63;1;27
304;63;1;39
308;63;0;93
312;63;1;3
321;63;1;32
324;63;1;57
330;63;0;77
332;63;0;83
333;63;1;35
336;63;1;30
341;63;0;58
344;63;1;54
346;63;1;66
355;63;1;45
359;63;1;67
362;63;1;9
388;63;1;50
392;63;1;51
397;63;1;71
401;63;1;59
409;63;0;60
411;63;1;68
414;63;1;84
418;63;1;36
421;63;1;72
430;63;1;10
435;63;0;89
438;63;1;33
441;63;0;46
448;63;1;15
454;63;1;52
457;63;1;61
462;63;1;11
470;63;1;73
1;64;0;62
6;64;1;96
22;64;0;63
37;64;1;47
40;64;1;94
44;64;1;40
48;64;1;14
49;64;1;28
56;64;1;0
69;64;1;85
70;64;0;78
75;64;1;97
81;64;0;31
84;64;1;64
86;64;1;48
87;64;1;49
89;64;1;86
94;64;1;1
97;64;1;4
101;64;1;90
102;64;0;87
113;64;0;55
125;64;1;91
127;64;1;29
128;64;1;5
134;64;1;98
144;64;1;41
154;64;1;79
157;64;1;22
158;64;0;16
160;64;0;74
163;64;1;34
172;64;0;88
174;64;0;80
183;64;0;81
185;64;1;42
195;64;1;53
198;64;1;99
199;64;1;6
201;64;1;69
203;64;1;2
217;64;0;17
222;64;1;24
232;64;1;18
239;64;0;92
242;64;1;82
243;64;1;23
250;64;1;19
256;64;1;75
257;64;1;20
261;64;1;21
262;64;1;12
266;64;1;25
268;64;1;26
270;64;1;7
272;64;1;43
273;64;1;8
279;64;1;13
280;64;1;70
281;64;1;37
284;64;1;44
286;64;1;65
290;64;1;95
293;64;0;76
298;64;1;38
299;64;0;56
303;64;1;27
304;64;1;39
308;64;0;93
312;64;1;3
321;64;1;32
324;64;1;57
330;64;0;77
332;64;0;83
333;64;1;35
336;64;1;30
341;64;0;58
344;64;1;54
346;64;1;66
355;64;1;45
359;64;1;67
362;64;1;9
388;64;1;50
392;64;1;51
397;64;1;71
401;64;1;59
409;64;0;60
411;64;1;68
414;64;1;84
418;64;1;36
421;64;1;72
430;64;1;10
435;64;0;89
438;64;1;33
441;64;0;46
448;64;1;15
454;64;1;52
457;64;1;61
462;64;1;11
470;64;1;73
1;65;0;62
6;65;1;96
22;65;0;63
37;65;1;47
40;65;1;94
44;65;1;40
48;65;1;14
49;65;1;28
56;65;1;0
69;65;1;85
70;65;0;78
75;65;1;97
81;65;0;31
84;65;1;64
86;65;1;48
87;65;1;49
89;65;1;86
94;65;1;1
97;65;1;4
101;65;1;90
102;65;0;87
113;65;0;55
125;65;1;91
127;65;1;29
128;65;1;5
134;65;1;98
144;65;1;41
154;65;1;79
157;65;1;22
158;65;0;16
160;65;0;74
163;65;1;34
172;65;0;88
174;65;0;80
183;65;0;81
185;65;1;42
195;65;1;53
198;65;1;99
199;65;1;6
201;65;1;69
203;65;1;2
217;65;0;17
222;65;1;24
232;65;1;18
239;65;1;92
242;65;1;82
243;65;1;23
250;65;1;19
256;65;1;75
257;65;1;20
261;65;1;21
262;65;1;12
266;65;1;25
268;65;1;26
270;65;1;7
272;65;1;43
273;65;1;8
279;65;1;13
280;65;1;70
281;65;1;37
284;65;1;44
286;65;1;65
290;65;1;95
293;65;0;76
298;65;1;38
299;65;0;56
303;65;1;27
304;65;1;39
308;65;0;93
312;65;1;3
321;65;1;32
324;65;1;57
330;65;0;77
332;65;0;83
333;65;1;35
336;65;1;30
341;65;0;58
344;65;1;54
346;65;1;66
355;65;1;45
359;65;1;67
362;65;1;9
388;65;1;50
392;65;1;51
397;65;1;71
401;65;1;59
409;65;0;60
411;65;1;68
414;65;1;84
418;65;1;36
421;65;1;72
430;65;1;10
435;65;1;89
438;65;1;33
441;65;0;46
448;65;1;15
454;65;1;52
457;65;1;61
462;65;1;11
470;65;1;73
1;66;0;62
6;66;1;96
22;66;0;63
37;66;1;47
40;66;1;94
44;66;1;40
48;66;1;14
49;66;1;28
56;66;1;0
69;66;1;85
70;66;0;78
75;66;1;97
81;66;0;31
84;66;1;64
86;66;1;48
87;66;1;49
89;66;1;86
94;66;1;1
97;66;1;4
101;66;1;90
102;66;0;87
113;66;0;55
125;66;1;91
127;66;1;29
128;66;1;5
134;66;1;98
144;66;1;41
154;66;1;79
157;66;1;22
158;66;0;16
160;66;0;74
163;66;1;34
172;66;0;88
174;66;0;80
183;66;0;81
185;66;1;42
195;66;1;53
198;66;1;99
199;66;1;6
201;66;1;69
203;66;1;2
217;66;0;17
222;66;1;24
232;66;1;18
239;66;1;92
242;66;1;82
243;66;1;23
250;66;1;19
256;66;1;75
257;66;1;20
261;66;1;21
262;66;1;12
266;66;1;25
268;66;1;26
270;66;1;7
272;66;1;43
273;66;1;8
279;66;1;13
280;66;1;70
281;66;1;37
284;66;1;44
286;66;1;65
290;66;1;95
293;66;0;76
298;66;1;38
299;66;0;56
303;66;1;27
304;66;1;39
308;66;0;93
312;66;1;3
321;66;1;32
324;66;1;57
330;66;0;77
332;66;0;83
333;66;1;35
336;66;1;30
341;66;0;58
344;66;1;54
346;66;1;66
355;66;1;45
359;66;1;67
362;66;1;9
388;66;1;50
392;66;1;51
397;66;1;71
401;66;1;59
409;66;0;60
411;66;1;68
414;66;1;84
418;66;1;36
421;66;1;72
430;66;1;10
435;66;1;89
438;66;1;33
441;66;0;46
448;66;1;15
454;66;1;52
457;66;1;61
462;66;1;11
470;66;1;73
1;67;0;62
6;67;1;96
22;67;0;63
37;67;1;47
40;67;1;94
44;67;1;40
48;67;1;14
49;67;1;28
56;67;1;0
69;67;1;85
70;67;0;78
75;67;1;97
81;67;0;31
84;67;1;64
86;67;1;48
87;67;1;49
89;67;1;86
94;67;1;1
97;67;1;4
101;67;1;90
102;67;0;87
113;67;0;55
125;67;1;91
127;67;1;29
128;67;1;5
134;67;1;98
144;67;1;41
154;67;1;79
157;67;1;22
158;67;0;16
160;67;0;74
163;67;1;34
172;67;0;88
174;67;0;80
183;67;0;81
185;67;1;42
195;67;1;53
198;67;1;99
199;67;1;6
201;67;1;69
203;67;1;2
217;67;0;17
222;67;1;24
232;67;1;18
239;67;0;92
242;67;1;82
243;67;0;23
250;67;1;19
256;67;1;75
257;67;0;20
261;67;1;21
262;67;1;12
266;67;1;25
268;67;1;26
270;67;1;7
272;67;1;43
273;67;1;8
279;67;1;13
280;67;1;70
281;67;1;37
284;67;1;44
286;67;1;65
290;67;1;95
293;67;0;76
298;67;1;38
299;67;0;56
303;67;1;27
304;67;1;39
308;67;0;93
312;67;1;3
321;67;1;32
324;67;1;57
330;67;0;77
332;67;0;83
333;67;1;35
336;67;1;30
341;67;0;58
344;67;1;54
346;67;1;66
355;67;1;45
359;67;1;67
362;67;1;9
388;67;1;50
392;67;1;51
397;67;1;71
401;67;1;59
409;67;0;60
411;67;1;68
414;67;1;84
418;67;1;36
421;67;1;72
430;67;1;10
435;67;0;89
438;67;1;33
441;67;0;46
448;67;1;15
454;67;1;52
457;67;1;61
462;67;1;11
470;67;1;73
1;68;0;62
6;68;1;96
22;68;0;63
37;68;1;47
40;68;1;94
44;68;1;40
48;68;1;14
49;68;1;28
56;68;1;0
69;68;1;85
70;68;0;78
75;68;1;97
81;68;0;31
84;68;1;64
86;68;1;48
87;68;1;49
89;68;1;86
94;68;1;1
97;68;1;4
101;68;1;90
102;68;0;87
113;68;0;55
125;68;1;91
127;68;1;29
128;68;1;5
134;68;1;98
144;68;1;41
154;68;1;79
157;68;1;22
158;68;0;16
160;68;0;74
163;68;1;34
172;68;0;88
174;68;0;80
183;68;0;81
185;68;1;42
195;68;1;53
198;68;1;99
199;68;1;6
201;68;1;69
203;68;1;2
217;68;0;17
222;68;1;24
232;68;1;18
239;68;0;92
242;68;1;82
243;68;0;23
250;68;1;19
256;68;1;75
257;68;0;20
261;68;1;21
262;68;1;12
266;68;1;25
268;68;1;26
270;68;1;7
272;68;1;43
273;68;1;8
279;68;1;13
280;68;1;70
281;68;1;37
284;68;1;44
286;68;1;65
290;68;1;95
293;68;0;76
298;68;1;38
299;68;0;56
303;68;1;27
304;68;1;39
308;68;0;93
312;68;1;3
321;68;1;32
324;68;1;57
330;68;0;77
332;68;0;83
333;68;1;35
336;68;1;30
341;68;0;58
344;68;1;54
346;68;1;66
355;68;1;45
359;68;1;67
362;68;1;9
388;68;1;50
392;68;1;51
397;68;1;71
401;68;1;59
409;68;0;60
411;68;1;68
414;68;1;84
418;68;1;36
421;68;1;72
430;68;1;10
435;68;0;89
438;68;1;33
441;68;0;46
448;68;1;15
454;68;1;52
457;68;1;61
462;68;1;11
470;68;1;73
1;69;0;62
6;69;1;96
22;69;0;63
37;69;1;47
40;69;1;94
44;69;1;40
48;69;1;14
49;69;1;28
56;69;1;0
69;69;1;85
70;69;0;78
75;69;1;97
81;69;0;31
84;69;1;64
86;69;1;48
87;69;1;49
89;69;1;86
94;69;1;1
97;69;1;4
101;69;1;90
102;69;0;87
113;69;0;55
125;69;1;91
127;69;1;29
128;69;1;5
134;69;1;98
144;69;1;41
154;69;1;79
157;69;1;22
158;69;0;16
160;69;0;74
163;69;1;34
172;69;0;88
174;69;0;80
183;69;0;81
185;69;1;42
195;69;1;53
198;69;1;99
199;69;1;6
201;69;1;69
203;69;1;2
217;69;0;17
222;69;1;24
232;69;1;18
239;69;1;92
242;69;1;82
243;69;1;23
250;69;1;19
256;69;1;75
257;69;1;20
261;69;1;21
262;69;1;12
266;69;1;25
268;69;1;26
270;69;1;7
272;69;1;43
273;69;1;8
279;69;1;13
280;69;1;70
281;69;1;37
284;69;1;44
286;69;1;65
290;69;1;95
293;69;0;76
298;69;1;38
299;69;0;56
303;69;1;27
304;69;1;39
308;69;0;93
312;69;1;3
321;69;1;32
324;69;1;57
330;69;0;77
332;69;0;83
333;69;1;35
336;69;1;30
341;69;0;58
344;69;1;54
346;69;1;66
355;69;1;45
359;69;1;67
362;69;1;9
388;69;1;50
392;69;1;51
397;69;1;71
401;69;1;59
409;69;0;60
411;69;1;68
414;69;1;84
418;69;1;36
421;69;1;72
430;69;1;10
435;69;1;89
438;69;1;33
441;69;0;46
448;69;1;15
454;69;1;52
457;69;1;61
462;69;1;11
470;69;1;73
1;70;0;62
6;70;1;96
22;70;0;63
37;70;1;47
40;70;1;94
44;70;1;40
48;70;1;14
49;70;1;28
56;70;1;0
69;70;1;85
70;70;0;78
75;70;1;97
81;70;0;31
84;70;1;64
86;70;1;48
87;70;1;49
89;70;1;86
94;70;1;1
97;70;1;4
101;70;1;90
102;70;0;87
113;70;0;55
125;70;1;91
127;70;1;29
128;70;1;5
134;70;1;98
144;70;1;41
154;70;1;79
157;70;1;22
158;70;0;16
160;70;0;74
163;70;1;34
172;70;0;88
174;70;0;80
183;70;0;81
185;70;1;42
195;70;1;53
198;70;1;99
199;70;1;6
201;70;1;69
203;70;1;2
217;70;0;17
222;70;1;24
232;70;1;18
239;70;0;92
242;70;1;82
243;70;0;23
250;70;1;19
256;70;1;75
257;70;0;20
261;70;1;21
262;70;1;12
266;70;1;25
268;70;1;26
270;70;1;7
272;70;1;43
273;70;1;8
279;70;1;13
280;70;1;70
281;70;1;37
284;70;1;44
286;70;1;65
290;70;1;95
293;70;0;76
298;70;1;38
299;70;0;56
303;70;1;27
304;70;1;39
308;70;0;93
312;70;1;3
321;70;1;32
324;70;1;57
330;70;0;77
332;70;0;83
333;70;1;35
336;70;1;30
341;70;0;58
344;70;1;54
346;70;1;66
355;70;1;45
359;70;1;67
362;70;1;9
388;70;1;50
392;70;1;51
397;70;1;71
401;70;1;59
409;70;0;60
411;70;1;68
414;70;1;84
418;70;1;36
421;70;1;72
430;70;1;10
435;70;0;89
438;70;1;33
441;70;0;46
448;70;1;15
454;70;1;52
457;70;1;61
462;70;1;11
470;70;1;73
1;71;0;62
6;71;1;96
22;71;0;63
37;71;1;47
40;71;1;94
44;71;1;40
48;71;1;14
49;71;1;28
56;71;1;0
69;71;1;85
70;71;0;78
75;71;1;97
81;71;0;31
84;71;1;64
86;71;1;48
87;71;1;49
89;71;1;86
94;71;1;1
97;71;1;4
101;71;1;90
102;71;0;87
113;71;0;55
125;71;1;91
127;71;1;29
128;71;1;5
134;71;1;98
144;71;1;41
154;71;1;79
157;71;1;22
158;71;0;16
160;71;0;74
163;71;1;34
172;71;0;88
174;71;0;80
183;71;0;81
185;71;1;42
195;71;1;53
198;71;1;99
199;71;1;6
201;71;1;69
203;71;1;2
217;71;0;17
222;71;1;24
232;71;1;18
239;71;0;92
242;71;1;82
243;71;0;23
250;71;1;19
256;71;1;75
257;71;0;20
261;71;1;21
262;71;1;12
266;71;1;25
268;71;1;26
270;71;1;7
272;71;1;43
273;71;1;8
279;71;1;13
280;71;1;70
281;71;1;37
284;71;1;44
286;71;1;65
290;71;1;95
293;71;0;76
298;71;1;38
299;71;0;56
303;71;1;27
304;71;1;39
308;71;0;93
312;71;1;3
321;71;1;32
324;71;1;57
330;71;0;77
332;71;0;83
333;71;1;35
336;71;1;30
341;71;0;58
344;71;1;54
346;71;1;66
355;71;1;45
359;71;1;67
362;71;1;9
388;71;1;50
392;71;1;51
397;71;1;71
401;71;1;59
409;71;0;60
411;71;1;68
414;71;1;84
418;71;1;36
421;71;1;72
430;71;1;10
435;71;0;89
438;71;1;33
441;71;0;46
448;71;1;15
454;71;1;52
457;71;1;61
462;71;1;11
470;71;1;73
1;72;0;62
6;72;1;96
22;72;0;63
37;72;1;47
40;72;1;94
44;72;1;40
48;72;1;14
49;72;1;28
56;72;1;0
69;72;1;85
70;72;0;78
75;72;1;97
81;72;0;31
84;72;1;64
86;72;1;48
87;72;1;49
89;72;1;86
94;72;1;1
97;72;1;4
101;72;1;90
102;72;0;87
113;72;0;55
125;72;1;91
127;72;1;29
128;72;1;5
134;72;1;98
144;72;1;41
154;72;1;79
157;72;1;22
158;72;0;16
160;72;0;74
163;72;1;34
172;72;0;88
174;72;0;80
183;72;0;81
185;72;1;42
195;72;1;53
198;72;1;99
199;72;1;6
201;72;1;69
203;72;1;2
217;72;0;17
222;72;1;24
232;72;1;18
239;72;1;92
242;72;1;82
243;72;1;23
250;72;1;19
256;72;1;75
257;72;1;20
261;72;1;21
262;72;1;12
266;72;1;25
268;72;1;26
270;72;1;7
272;72;1;43
273;72;1;8
279;72;1;13
280;72;1;70
281;72;1;37
284;72;1;44
286;72;1;65
290;72;1;95
293;72;0;76
298;72;1;38
299;72;0;56
303;72;1;27
304;72;1;39
308;72;0;93
312;72;1;3
321;72;1;32
324;72;1;57
330;72;0;77
332;72;0;83
333;72;1;35
336;72;1;30
341;72;0;58
344;72;1;54
346;72;1;66
355;72;1;45
359;72;1;67
362;72;1;9
388;72;1;50
392;72;1;51
397;72;1;71
401;72;1;59
409;72;0;60
411;72;1;68
414;72;1;84
418;72;1;36
421;72;1;72
430;72;1;10
435;72;1;89
438;72;1;33
441;72;0;46
448;72;1;15
454;72;1;52
457;72;1;61
462;72;1;11
470;72;1;73
